before_12_14606.txt|260.149990,0.000000|4.580000,0.000000|0.650000,0.000000|20.010000,0.000000
after_12_14606.txt|260.149990,0.000000|4.580000,0.000000|0.650000,0.000000|20.010000,0.000000
before_12_15796.txt|261.066796,3.356935|4.659816,0.413305|0.672650,0.117289|20.010000,0.000000
after_12_15796.txt|285.649990,0.000000|6.800000,0.000000|1.280000,0.000000|20.010000,0.000000
before_15_124328.txt|268.713642,8.515779|5.325541,1.048461|0.861573,0.297536|20.010000,0.000000
after_15_124328.txt|110.873211,136.214636|7.347465,0.426674|0.794747,0.378189|20.010000,0.000000
before_17_33587.txt|211.980851,80.144217|6.175446,1.272678|0.867499,0.341247|20.010000,0.000000
after_17_33587.txt|202.665482,73.052837|8.436915,0.279333|-0.952220,0.535929|2.407334,6.496112
before_17_34961.txt|194.161655,83.737776|6.578155,1.398014|0.611220,0.697247|17.816650,6.249497
after_17_34961.txt|237.705436,9.694951|13.147440,5.528031|-0.641706,0.609854|0.010000,0.000000
before_17_34974.txt|200.093669,76.985273|6.906316,1.470929|0.316618,0.914824|14.838102,8.757250
after_17_34974.txt|249.416890,15.844053|12.289825,5.393242|-0.027577,0.852200|0.010000,0.000000
before_17_34976.txt|203.897252,72.196473|7.116732,1.477984|0.127720,0.985124|12.928269,9.564712
after_17_34976.txt|251.842411,12.744794|14.794817,5.755733|0.028778,0.705326|0.010000,0.000000
before_17_34980.txt|207.069511,67.864294|7.292222,1.460845|-0.029824,1.013551|11.335432,9.911772
after_17_34980.txt|254.004325,8.844585|16.898679,5.196010|0.152235,0.501541|0.010000,0.000000
before_17_34990.txt|211.290607,64.820606|8.484214,3.902898|-0.029905,0.966408|10.150681,9.999010
after_17_34990.txt|253.719085,8.147917|17.586603,5.085626|0.078819,0.493088|0.010000,0.000000
before_17_43505.txt|225.067917,57.366822|9.734078,4.898038|0.137881,0.896716|7.328204,9.633689
after_17_43505.txt|265.740042,14.690575|13.088534,6.604348|0.671161,0.810260|-5.500781,4.918132
before_17_43506.txt|230.250169,51.324637|11.972899,6.099031|0.063038,0.810722|5.758344,9.051156
after_17_43506.txt|309.264356,44.077696|15.323681,7.166781|0.752651,0.603354|-8.565903,3.369768
before_18_10730.txt|231.618961,49.576720|12.612201,6.312552|0.041006,0.785579|5.347023,8.846278
after_18_10730.txt|301.678057,49.741480|15.207027,6.781751|0.774983,0.531497|-5.089419,10.491563
before_18_12653.txt|233.846050,48.009150|12.866705,6.405043|0.063961,0.791681|4.647149,8.933252
after_18_12653.txt|287.133612,62.893377|15.505693,6.293818|0.664040,0.563679|-4.409623,10.157234
before_18_12811.txt|237.275317,46.909849|12.434907,6.337110|0.165004,0.838318|3.539429,9.412657
after_18_12811.txt|268.711796,75.442712|16.177336,5.558409|0.495332,0.556120|-3.464781,9.692817
before_20_23024.txt|239.988757,45.930543|12.093242,6.261771|0.244956,0.865134|2.662936,9.685978
after_20_23024.txt|263.200244,73.912831|16.022063,5.272834|0.656876,0.762404|-2.538275,9.286253
before_20_24082.txt|242.910887,44.760629|11.725300,6.158448|0.331056,0.885073|1.719031,9.885415
after_20_24082.txt|224.491341,113.594243|16.781354,4.398309|0.462376,0.767138|-1.680480,8.693131
before_6_1146.txt|244.931299,43.876290|11.470898,6.072962|0.390587,0.893762|1.066399,9.968865
after_6_1146.txt|236.398061,117.732923|17.094931,3.667224|0.398716,0.710041|1.220147,10.584141
before_6_14739.txt|247.209783,44.460702|11.577176,6.143049|0.404772,0.888069|0.741796,9.994254
after_6_14739.txt|226.242422,118.597201|16.601124,4.035929|0.294810,0.775609|2.662348,11.130320
before_9_9212.txt|251.933616,46.323983|12.011087,6.356603|0.405415,0.869098|0.292285,10.011945
after_9_9212.txt|224.399867,113.536963|15.564374,4.607029|0.333081,0.772303|4.659972,11.551690
