12_14606_A,202.742240,23.289442,3.012197,2.962553,-0.044141,0.725645,20.010000,0.000000
12_14606_B,284.606102,41.320129,11.748215,2.815926,-0.000129,0.512474,20.010000,0.000000
12_15796_A,236.293808,30.089496,8.088431,3.175972,-0.185015,0.889024,20.010000,0.000000
12_15796_B,209.101890,27.459696,3.613764,3.855093,-0.076093,0.801453,20.010000,0.000000
15_124328_A,67.228100,54.212499,7.248465,1.543380,-0.071220,0.432468,20.010000,0.000000
15_124328_B,252.070820,24.315486,5.252480,3.654190,0.024824,0.963199,20.010000,0.000000
17_33587_A,225.849311,6.575858,9.995431,6.872365,-0.172122,0.839394,0.010000,0.000000
17_33587_B,271.036271,10.091981,10.606484,5.451104,0.057553,0.613139,0.010000,0.000000
17_34990_A,257.229072,15.439881,16.636635,6.459795,-0.063598,0.643390,0.010000,0.000000
17_34990_B,261.587525,19.855583,14.881832,4.486696,0.199179,0.861542,0.010000,0.000000
17_43505_A,266.909210,20.920806,10.601819,6.394067,-0.010311,0.982893,-9.890000,0.000000
17_43505_B,147.889035,51.923172,8.108635,6.286572,0.011391,0.760585,-9.890000,0.000000
17_43506_A,321.677685,27.049664,9.942052,7.636461,-0.016211,0.882425,-9.890000,0.000000
17_43506_B,164.301933,76.914716,3.346047,5.154816,-0.005056,0.637585,-9.890000,0.000000
18_10730_A,243.285041,17.424350,13.414451,5.996774,-0.006507,0.798918,20.010000,0.000000
18_10730_B,183.187908,1.022896,6.243074,5.394919,0.052863,0.634307,20.010000,0.000000
18_12653_A,187.941952,4.361792,9.744649,7.200191,-0.477276,0.791646,-0.103810,0.309617
18_12653_B,183.569036,3.132189,5.504996,5.161623,-0.287886,0.575515,-0.048242,0.305736
18_12811_A,186.038264,5.078352,19.094321,2.793237,-0.401943,0.414578,-0.076304,0.593330
18_12811_B,208.781449,46.744043,2.224156,2.631851,-0.418010,0.683411,-0.041695,0.342594
20_23024_A,243.961092,17.386068,11.572121,8.579779,0.135164,0.759438,-0.231135,0.547236
20_23024_B,182.853330,1.478616,2.697025,3.410659,0.296261,0.434168,-0.243014,0.139084
20_24082_A,16.343216,39.192212,4.845556,6.036059,-0.014511,0.913345,-0.303233,0.181700
20_24082_B,227.134328,84.386842,5.009114,5.815505,-0.097075,0.930548,-0.184396,0.663401
6_1146_A,74.395445,95.980388,10.860233,6.131402,-0.018630,0.828233,20.010000,0.000000
6_1146_B,50.241136,26.912967,8.190398,5.056653,0.001289,0.985488,20.010000,0.000000
6_14739_A,155.441203,28.500703,7.777233,4.720044,-0.129218,0.916905,20.010000,0.000000
6_14739_B,175.950367,17.156519,0.874809,1.999323,0.007163,0.520244,20.010000,0.000000
9_9212_A,273.534284,0.952009,3.210715,3.820300,-0.065596,0.517338,20.010000,0.000000
9_9212_B,244.924206,78.649927,7.324320,4.397653,-0.061162,0.710027,20.010000,0.000000



12_14606_A,12_14606_B,	0.975253,1
12_15796_A,15_124328_B,	0.934566,0
15_124328_A,6_14739_B,	0.885976,0
17_33587_A,17_34990_B,	0.82643,0
17_34990_A,17_33587_B,	0.921925,0
17_43505_A,17_43505_B,	0.991594,1
17_43506_A,17_43506_B,	0.837513,1
18_10730_A,18_10730_B,	0.949818,1
18_12653_A,18_12653_B,	0.590792,1
18_12811_A,18_12811_B,	0.744329,1
20_23024_A,20_23024_B,	0.674319,1
20_24082_A,20_24082_B,	0.78578,1
6_1146_A,6_1146_B,	0.912357,1
6_14739_A,9_9212_B,	0.965849,0
9_9212_A,12_15796_B,	0.995487,0

0.6
