1
2
3
4
6
7
8
10
11
13
14
15
16
17
18
19
20
21
22
23
24
25
26
27
28
29
30
31
32
33
34
35
36
37
38
39
40
41
42
43
44
46
48
49
50
51
52
53
54
55
56
57
58
59
60
61
62
63
65
66
67
68
69
70
71
72
73
74
75
77
78
79
80
81
82
83
84
85
86
87
88
89
90
91
92
93
94
95
96
97
98
99
100
101
102
103
104
106
107
108
109
110
111
112
114
115
116
117
118
119
120
121
122
123
124
125
126
127
128
129
130
131
133
134
135
136
137
138
139
140
141
142
143
144
145
146
147
148
149
150
151
152
153
154
155
156
157
158
159
161
162
163
164
165
166
167
168
169
170
171
172
173
174
175
176
177
178
179
180
181
182
183
184
185
186
187
188
189
190
191
192
193
199
200
201
202
203
204
205
206
207
208
209
210
211
212
213
214
215
216
217
218
220
221
222
223
226
227
228
229
230
231
232
233
234
235
238
239
240
241
242
243
246
247
248
249
250
251
252
253
254
255
256
257
259
260
261
262
263
264
265
266
267
268
270
271
272
273
274
275
276
277
278
279
280
281
282
283
284
285
286
287
288
289
290
291
293
294
295
296
297
299
300
301
302
303
304
305
306
308
309
310
311
312
313
314
315
316
317
318
319
320
321
322
323
325
326
327
328
329
330
331
332
333
334
335
336
337
338
339
340
341
342
343
344
346
347
348
349
350
351
352
353
354
355
356
357
358
359
360
361
362
363
364
365
366
367
368
369
370
371
372
373
374
375
376
377
378
379
381
382
383
384
385
386
387
388
389
390
391
392
393
394
395
396
397
398
399
400
401
402
403
404
405
406
407
408
409
410
411
412
413
414
415
416
417
516
517
518
519
520
521
522
523
524
525
526
527
528
529
530
531
532
533
534
535
536
537
538
539
542
544
571
572
573
574
575
576
577
578
579
580
581
582
584
586
587
588
589
591
592
593
594
595
596
597
599
600
601
603
604
605
606
607
608
609
610
611
612
613
614
615
619
620
621
622
623
624
625
626
627
628
630
631
632
633
634
635
636
637
638
639
640
641
642
643
644
645
646
647
649
650
651
652
653
654
655
656
659
660
661
662
663
664
665
666
667
668
669
670
672
673
674
675
676
677
678
679
680
681
682
683
684
685
686
687
688
689
690
691
692
693
694
695
696
697
699
700
701
702
703
704
705
706
707
708
709
710
711
712
713
715
716
717
718
719
720
721
722
723
725
726
727
728
729
730
731
732
733
734
735
736
737
738
739
740
741
742
743
744
745
746
747
748
749
750
751
752
753
754
755
756
757
758
759
760
761
762
763
764
765
766
767
769
770
771
772
773
774
775
776
777
778
779
782
783
784
785
786
787
788
789
790
791
792
793
794
795
796
797
798
799
800
801
802
803
804
805
806
808
809
810
811
812
813
814
815
816
817
818
819
820
821
823
824
825
826
828
830
831
832
833
834
835
836
837
838
839
840
842
843
844
845
846
847
849
850
851
852
853
854
855
856
857
858
859
860
861
862
863
864
865
866
867
868
869
870
871
872
874
875
876
877
878
879
880
881
882
883
884
885
886
887
888
889
890
891
892
895
896
897
898
899
901
902
903
904
905
906
907
908
909
910
911
912
913
914
915
916
917
918
919
920
921
922
923
924
925
926
927
928
931
932
933
934
935
936
937
938
939
940
941
942
943
945
946
947
948
949
950
951
952
953
954
955
956
957
958
959
960
961
962
963
964
967
968
969
970
971
972
973
974
975
976
977
978
979
980
981
982
983
984
985
986
987
988
989
990
991
992
993
994
995
997
998
999
1000
1003
1004
1006
1007
1008
1010
1011
1012
1013
1014
1016
1018
1019
1020
1021
1022
1023
1025
1026
1027
1028
1029
1030
1031
1032
1033
1034
1035
1036
1037
1038
1039
1040
1041
1042
1043
1044
1045
1046
1047
1048
1049
1050
1051
1052
1053
1054
1055
1056
1057
1058
1059
1060
1061
1062
1063
1064
1065
1066
1067
1068
1069
1070
1071
1072
1073
1074
1075
1076
1077
1079
1080
1081
1082
1083
1084
1085
1086
1087
1088
1089
1090
1091
1092
1094
1095
1096
1098
1099
1100
1101
1102
1103
1104
1105
1106
1107
1108
1109
1110
1111
1112
1113
1114
1115
1116
1117
1118
1119
1120
1122
1123
1124
1125
1127
1128
1130
1131
1132
1136
1137
1138
1140
1141
1142
1144
1146
1147
1148
1149
1150
1151
1152
1153
1154
1155
1156
1157
1158
1160
1161
1162
1163
1164
1165
1166
1167
1168
1169
1170
1171
1172
1173
1174
1175
1176
1177
1178
1179
1180
1181
1182
1183
1184
1185
1186
1187
1188
1189
1190
1191
1192
1193
1194
1195
1196
1197
1198
1199
1200
1201
1202
1203
1204
1205
1206
1207
1208
1209
1210
1211
1213
1214
1215
1216
1217
1218
1219
1220
1222
1224
1225
1227
1228
1229
1231
1232
1233
1234
1235
1237
1238
1239
1240
1241
1242
1243
1246
1247
1249
1251
1252
1253
1254
1255
1256
1257
1259
1260
1261
1262
1263
1264
1265
1266
1267
1268
1269
1270
1272
1273
1274
1275
1276
1277
1278
1279
1280
1281
1282
1283
1284
1285
1286
1287
1288
1289
1290
1291
1292
1293
1294
1295
1296
1297
1298
1299
1300
1301
1302
1303
1304
1305
1306
1307
1308
1309
1310
1311
1312
1313
1314
1315
1316
1317
1318
1319
1320
1322
1323
1325
1326
1327
1328
1329
1330
1331
1334
1335
1336
1337
1338
1339
1341
1342
1343
1344
1345
1346
1347
1348
1349
1350
1351
1352
1353
1355
1356
1359
1360
1362
1363
1364
1365
1366
1367
1368
1369
1370
1371
1372
1373
1374
1375
1376
1377
1378
1379
1380
1381
1382
1384
1385
1386
1387
1388
1389
1390
1391
1392
1393
1394
1395
1396
1397
1399
1400
1401
1402
1403
1404
1405
1406
1407
1408
1411
1412
1413
1414
1415
1416
1417
1418
1419
1420
1421
1422
1423
1424
1425
1426
1427
1428
1429
1430
1431
1432
1433
1434
1435
1436
1437
1438
1439
1440
1441
1442
1443
1445
1446
1447
1448
1449
1450
1451
1452
1453
1454
1455
1457
1458
1459
1460
1461
1462
1463
1464
1465
1466
1467
1468
1469
1470
1471
1472
1473
1474
1475
1476
1477
1478
1479
1480
1481
1482
1483
1484
1485
1486
1487
1488
1489
1490
1491
1492
1494
1495
1496
1497
1498
1499
1500
1501
1502
1503
1504
1505
1506
1507
1508
1509
1510
1511
1512
1513
1514
1515
1516
1517
1518
1519
1520
1521
1522
1523
1524
1525
1526
1527
1528
1529
1530
1533
1534
1535
1536
1537
1538
1539
1540
1541
1542
1543
1544
1545
1546
1547
1548
1549
1550
1551
1552
1553
1554
1555
1556
1557
1558
1559
1560
1561
1562
1563
1564
1565
1566
1567
1568
1569
1570
1571
1572
1573
1574
1575
1576
1577
1578
1579
1580
1581
1582
1583
1584
1585
1586
1587
1588
1589
1590
1591
1592
1594
1595
1596
1597
1598
1599
1600
1601
1602
1603
1604
1605
1606
1608
1609
1610
1611
1612
1613
1614
1615
1617
1619
1620
1621
1622
1623
1624
1625
1626
1627
1628
1629
1630
1631
1632
1633
1634
1635
1636
1637
1638
1639
1640
1641
1642
1643
1644
1645
1646
1647
1648
1649
1650
1651
1652
1653
1654
1655
1656
1657
11088
11089
11091
11092
11093
11094
11095
11096
11097
11098
11099
11100
11101
11102
11105
11106
11109
11110
11111
11112
11113
11115
11116
11117
11118
11119
11120
11121
11122
11123
11124
11125
11126
11127
11128
11129
11130
11131
11132
11133
11134
11135
11136
11137
11138
11139
11140
11141
11142
11144
11146
11147
11148
11150
11151
11152
11153
11154
11155
11156
11157
11158
11159
11160
11161
11162
11163
11164
11165
11166
11167
11168
11169
11170
11171
11172
11173
11174
11175
11176
11177
11178
11179
11180
11182
11183
11184
11185
11186
11187
11188
11189
11190
11191
11192
11193
11194
11197
11198
11199
11200
11201
11202
11203
11204
11205
11206
11207
11208
11209
11210
11211
11212
11213
11214
11215
11216
11217
11218
11219
11220
11221
11222
11223
11224
11225
11226
11228
11229
11230
11231
11232
11233
11234
11235
11236
11238
11240
11241
11242
11243
11244
11245
11246
11247
11250
11251
11253
11254
11255
11256
11257
11258
11260
11261
11262
11263
11264
11271
11272
11273
11274
11275
11276
11277
11278
11279
11280
11281
11282
11284
11285
11287
11289
11290
11291
11292
11293
11294
11295
11296
11298
11299
11300
11301
11302
11303
11304
11305
11306
11307
11308
11309
11310
11311
11312
11313
11314
11315
11316
11317
11319
11320
11321
11322
11324
11327
11328
11329
11330
11332
11333
11334
11335
11337
11338
11339
11340
11341
11342
11343
11344
11345
11347
11348
11349
11350
11351
11352
11353
11354
11355
11356
11357
11360
11361
11362
11363
11365
11366
11367
11368
11369
11372
11373
11374
11375
11376
11377
11378
11379
11380
11381
11382
11383
11384
11385
11386
11387
11388
11389
11390
11391
11392
11393
11394
11396
11397
11398
11399
11401
11402
11404
11405
11406
11407
11408
11409
11410
11412
11414
11415
11416
11417
11418
11419
11420
11421
11422
11423
11424
11425
11426
11427
11428
11429
11430
11432
11433
11434
11435
11437
11439
11440
11441
11442
11443
11444
11445
11446
11447
11448
11449
11450
11451
11452
11453
11454
11455
11456
11457
11458
11459
11460
11461
11462
11463
11464
11466
11467
11468
11469
11470
11471
11472
11474
11475
11476
11477
11478
11479
11480
11482
11485
11487
11488
11489
11491
11492
11494
11495
11496
11497
11498
11499
11500
11501
11502
11503
11504
11505
11506
11507
11508
11509
11510
11511
11512
11513
11514
11515
11516
11517
11518
11519
11520
11521
11522
11523
11524
11525
11526
11527
11528
11530
11531
11532
11533
11534
11535
11538
11539
11540
11541
11542
11544
11545
11546
11547
11549
11550
11551
11552
11553
11554
11555
11557
11559
11560
11562
11565
11590
11591
11592
11593
11594
11595
11596
11597
11646
11647
11648
11649
11650
11651
11652
11653
11654
11655
11656
11659
11660
11661
11662
11663
11664
11665
11669
11671
11672
11677
11678
11679
11682
11683
11687
11688
11691
11692
11693
11694
11695
11696
11697
11698
11700
11701
11702
11703
11705
11706
11707
11708
11709
11711
11713
11715
11716
11717
11718
11719
11720
11721
11723
11724
11725
11726
11728
11729
11730
11731
11733
11734
11735
11736
11737
11738
11740
11741
11743
11744
11748
11749
11751
11752
11753
11754
11755
11757
11758
11760
11761
11762
11764
11767
11768
11769
11770
11771
11772
11773
11774
11775
11776
11777
11780
11781
11782
11783
11784
11786
11787
11788
11789
11790
11791
11792
11793
11794
11795
11796
11797
11798
11800
11801
11820
11821
11822
11823
11824
11825
11826
11828
11829
11831
11835
11837
11841
11845
11848
11849
11939
11940
11941
11942
11943
11945
11946
11947
11948
11949
11950
11952
11953
11954
11955
11957
11958
11959
11960
11961
11962
11964
11966
11967
11968
11969
11970
11971
11972
11973
11974
11975
11976
11977
11978
11979
11980
11981
11982
11983
11984
11987
11988
11989
11992
11993
11994
11995
11996
11997
12000
12001
12002
12003
12004
12005
12006
12007
12008
12009
12010
12011
12012
12013
12014
12015
12016
12017
12018
12019
12021
12022
12023
12024
12026
12027
12029
12030
12031
12032
12033
12034
12035
12036
12037
12038
12039
12040
12042
12043
12044
12045
12047
12048
12049
12050
12051
12052
12053
12054
12055
12056
12057
12058
12060
12061
12063
12065
12067
12068
12069
12070
12071
12072
12073
12074
12075
12076
12131
12133
12134
12135
12136
12138
12139
12140
12142
12143
12144
12145
12146
12147
12148
12149
12150
12151
12152
12153
12154
12155
12156
12157
12158
12159
12160
12161
12162
12163
12164
12165
12166
12167
12168
12169
12170
12171
12173
12174
12175
12176
12177
12178
12179
12180
12181
12182
12183
12184
12185
12186
12187
12190
12191
12192
12193
12194
12197
12198
12199
12200
12201
12202
12204
12205
12207
12208
12209
12210
12211
12214
12215
12216
12218
12219
12220
12221
12222
12223
12224
12226
12227
12228
12229
12233
12234
12236
12238
12239
12240
12243
12244
12247
12248
12249
12250
12251
12253
12254
12255
12256
12257
12258
12259
12260
12262
12264
12265
12268
12269
12270
12273
12274
12275
12276
12277
12278
12279
12280
12281
12282
12284
12285
12289
12290
12291
12292
12293
12294
12296
12297
12298
12299
12300
12301
12303
12304
12305
12306
12308
12309
12310
12311
12312
12313
12314
12315
12316
12317
12318
12319
12320
12321
12322
12324
12325
12326
12327
12328
12329
12330
12331
12332
12333
12334
12335
12337
12338
12339
12340
12341
12342
12343
12344
12345
12346
12347
12348
12349
12350
12351
12352
12353
12354
12356
12357
12358
12359
12360
12361
12362
12363
12364
12365
12366
12367
12368
12369
12370
12372
12373
12376
12377
12378
12379
12381
12382
12383
12384
12385
12386
12387
12388
12389
12390
12391
12392
12393
12395
12396
12398
12399
12400
12401
12402
12403
12404
12405
12407
12408
12409
12410
12412
12413
12414
12415
12416
12417
12419
12421
12423
12424
12425
12426
12427
12428
12430
12431
12432
12433
12434
12435
12436
12437
12438
12439
12440
12441
12442
12443
12444
12445
12446
12447
12448
12449
12450
12451
12453
12454
12455
12456
12457
12458
12460
12461
12462
12464
12465
12466
12467
12468
12469
12470
12471
12472
12473
12474
12475
12476
12477
12478
12479
12481
12482
12483
12484
12485
12486
12487
12488
12489
12490
12491
12492
12493
12494
12495
12496
12497
12498
12499
12500
12501
12502
12503
12504
12505
12506
12507
12508
12509
12511
12512
12513
12514
12515
12516
12517
12518
12519
12520
12521
12522
12523
12524
12525
12526
12527
12528
12529
12530
12531
12532
12533
12535
12536
12537
12538
12539
12540
12541
12542
12543
12544
12546
12547
12548
12549
12550
12551
12552
12553
12554
12555
12556
12558
12559
12560
12561
12562
12563
12565
12566
12567
12568
12569
12571
12572
12573
12574
12575
12576
12577
12578
12579
12580
12581
12582
12583
12584
12585
12586
12588
12589
12590
12591
12592
12593
12595
12596
12597
12598
12601
12603
12604
12605
12606
12607
12608
12610
12611
12612
12613
12614
12616
12617
12619
12620
12622
12623
12625
12626
12627
12628
12629
12630
12631
12632
12633
12634
12635
12637
12638
12639
12641
12643
12644
12645
12647
12648
12649
12650
12651
12652
12654
12655
12656
12657
12658
12659
12660
12661
12662
12663
12665
12666
12667
12668
12669
12671
12672
12673
12674
12677
12678
12679
12680
12681
12727
12728
12729
12730
12731
12732
12733
12734
12735
12736
12737
12738
12739
12740
12741
12742
12743
12744
12745
12746
12747
12748
12749
12750
12751
12752
12753
12755
12756
12757
12758
12760
12761
12762
12763
12764
12765
12766
12767
12768
12769
12770
12771
12772
12773
12774
12775
12776
12777
12779
12782
12783
12784
12785
12786
12787
12788
12789
12791
12792
12793
12794
12795
12796
12797
12800
12801
12802
12803
12804
12805
12806
12807
12808
12809
12810
12811
12812
12813
12814
12815
12816
12817
12818
12819
12820
12821
12822
12823
12824
12825
12826
12827
12828
12829
12830
12831
12832
12833
12834
12835
12836
12837
12838
12839
12840
12841
12842
12843
12844
12845
12846
12847
12848
12849
12850
12851
12852
12853
12854
12855
12857
12859
12861
12862
12863
12864
12865
12866
12867
12868
12869
12870
12871
12872
12873
12874
12875
12876
12877
12878
12879
12880
12881
12882
12883
12884
12886
12887
12888
12889
12890
12891
12892
12893
12894
12895
12896
12897
12898
12899
12900
12901
12902
12903
12904
12905
12906
12907
12908
12909
12910
12911
12912
12913
12914
12915
12916
12918
12919
12920
12921
12922
12923
12925
12926
12927
12928
12929
12930
12931
12932
12933
12934
12936
12937
12938
12939
12940
12941
12942
12943
12944
12945
12946
12947
12948
13194
13195
13196
13198
13199
13200
13201
13202
13203
13204
13205
13206
13207
13208
13209
13210
13211
13212
13214
13215
13216
13217
13218
13219
13220
13221
13222
13223
13224
13225
13226
13227
13229
13230
13231
13233
13234
13235
13236
13237
13238
13239
13240
13241
13242
13243
13244
13245
13246
13247
13248
13249
13250
13251
13252
13253
13254
13256
13257
13258
13259
13260
13261
13262
13263
13264
13265
13266
13267
13268
13269
13270
13271
13272
13273
13274
13276
13277
13278
13279
13280
13281
13282
13283
13284
13285
13286
13287
13288
13289
13290
13291
13292
13293
13294
13296
13297
13298
13299
13301
13302
13303
13304
13305
13306
13307
13308
13309
13310
13312
13313
13314
13315
13316
13317
13318
13319
13320
13322
13323
13324
13325
13326
13327
13328
13329
13330
13331
13332
13333
13334
13335
13336
13337
13338
13339
13340
13341
13342
13343
13344
13346
13347
13348
13349
13352
13353
13355
13356
13357
13358
13359
13360
13361
13362
13363
13364
13365
13366
13367
13368
13370
13371
13372
13373
13374
13375
13376
13377
13379
13381
13382
13383
13384
13385
13386
13387
13388
13390
13391
13392
13393
13394
13395
13396
13397
13398
13399
13400
13401
13402
13403
13404
13405
13406
13407
13408
13409
13410
13411
13412
13414
13415
13416
13417
13418
13419
13421
13422
13423
13424
13426
13428
13429
13430
13431
13432
13435
13436
13437
13439
13440
13441
13442
13443
13444
13445
13446
13447
13448
13449
13450
13451
13452
13453
13454
13455
13456
13457
13458
13459
13460
13461
13462
13463
13465
13466
13467
13468
13469
13470
13471
13472
13473
13474
13475
13476
13477
13478
13479
13480
13481
13482
13483
13484
13485
13486
13487
13488
13489
13490
13491
13492
13494
13496
13497
13498
13499
13500
13501
13502
13504
13505
13506
13507
13508
13509
13510
13511
13512
13514
13515
13516
13517
13518
13519
13520
13521
13523
13524
13525
13526
13527
13528
13529
13530
13531
13532
13533
13534
13535
13536
13538
13539
13540
13541
13542
13543
13544
13545
13546
13547
13548
13549
13550
13551
13552
13553
13554
13555
13556
13557
13558
13559
13560
13561
13562
13563
13564
13565
13566
13568
13569
13570
13571
13572
13574
13575
13577
13579
13580
13581
13582
13583
13584
13585
13586
13587
13588
13589
13590
13591
13592
13593
13594
13595
13596
13597
13598
13599
13600
13601
13602
13603
13604
13605
13606
13607
13608
13609
13610
13611
13612
13613
13614
13615
13617
13618
13619
13620
13621
13622
13623
13624
13625
13627
13628
13629
13630
13631
13632
13633
13634
13635
13636
13637
13638
13639
13640
13641
13642
13646
13647
13648
13649
13650
13652
13653
13654
13655
13656
13657
13658
13659
13660
13661
13662
13663
13664
13665
13666
13667
13668
13669
13671
13672
13673
13674
13675
13676
13677
13678
13679
13680
13681
13682
13683
13684
13685
13686
13687
13688
13689
13690
13691
13692
13693
13694
13695
13696
13697
13698
13699
13702
13703
13704
13705
13706
13707
13708
13709
13710
13711
13712
13713
13714
13715
13716
13717
13718
13719
13720
13721
13722
13724
13725
13726
13728
13729
13730
13731
13732
13733
13734
13735
13736
13737
13739
13740
13741
13742
13743
13744
13745
13746
13747
13748
13749
13750
13751
13752
13753
13754
13755
13756
13757
13758
13759
13760
13761
13762
13763
13764
13765
13766
13767
13768
13769
13770
13771
13772
13773
13774
13775
13776
13777
13778
13779
13780
13781
13782
13783
13784
13785
13786
13787
13788
13790
13791
13792
13793
13794
13795
13796
13797
13798
13799
13800
13801
13802
13803
13804
13807
13808
13810
13812
13813
13814
13815
13816
13817
13818
13819
13821
13822
13823
13824
13825
13827
13828
13829
13830
13831
13832
13833
13834
13835
13836
13837
13838
13839
13840
13841
13842
13843
13844
13845
13846
13847
13849
13850
13851
13852
13853
13854
13855
13856
13857
13858
13859
13860
13861
13862
13863
13864
13865
13866
13868
13869
13870
13872
13873
13874
13875
13876
13877
13878
13879
13880
13881
13882
13883
13884
13885
13886
13887
13888
13890
13891
13892
13893
13894
13896
13897
13898
13899
13900
13901
13902
13903
13904
13905
13906
13907
13908
13912
13913
13914
13915
13917
13923
13924
13925
13926
13927
13928
13931
13933
13934
13935
13936
13937
13938
13939
13940
13941
13942
13943
13944
13945
13946
13947
13948
13949
13950
13951
13952
13953
13954
13955
13956
13957
13958
13962
13963
13964
13965
13966
13967
13968
13969
13970
13971
13972
13973
13975
13976
13977
13978
13979
13980
13981
13982
13983
13984
13985
13986
13987
13988
13989
13990
13991
13992
13993
13994
13995
13996
13997
13998
13999
14000
14001
14002
14003
14004
14005
14006
14007
14008
14010
14011
14012
14013
14014
14015
14018
14019
14020
14021
14022
14023
14025
14026
14027
14028
14029
14030
14031
14032
14034
14035
14036
14037
14038
14039
14040
14041
14042
14043
14044
14045
14046
14047
14048
14049
14050
14051
14052
14053
14054
14055
14056
14057
14058
14060
14061
14062
14063
14064
14066
14067
14068
14069
14070
14073
14074
14075
14076
14077
14078
14079
14080
14081
14082
14086
14089
14090
14091
14092
14093
14094
14095
14096
14097
14098
14099
14100
14101
14102
14103
14104
14105
14106
14107
14108
14109
14110
14111
14112
14113
14114
14115
14116
14117
14118
14120
14121
14122
14123
14124
14125
14126
14127
14128
14129
14130
14131
14132
14133
14134
14135
14136
14137
14138
14139
14140
14141
14142
14143
14144
14145
14146
14147
14148
14149
14150
14151
14152
14153
14155
14156
14157
14158
14159
14160
14161
14164
14165
14166
14167
14168
14169
14170
14171
14172
14173
14174
14175
14176
14177
14178
14179
14180
14181
14182
14183
14184
14185
14186
14187
14188
14190
14191
14192
14193
14194
14195
14196
14197
14198
14199
14200
14202
14203
14204
14205
14206
14207
14208
14209
14211
14213
14214
14215
14217
14218
14219
14220
14221
14223
14224
14225
14228
14229
14230
14233
14234
14235
14236
14237
14238
14239
14240
14241
14242
14243
14244
14245
14246
14247
14248
14249
14250
14251
14252
14253
14254
14255
14256
14257
14258
14259
14260
14261
14262
14263
14264
14265
14266
14267
14268
14270
14271
14272
14273
14274
14275
14276
14277
14278
14279
14280
14281
14282
14283
14284
14285
14286
14287
14288
14289
14290
14291
14292
14294
14295
14296
14297
14298
14300
14301
14302
14303
14304
14305
14306
14308
14309
14310
14311
14312
14313
14314
14315
14316
14317
14318
14320
14321
14322
14323
14326
14327
14328
14329
14331
14332
14333
14334
14335
14336
14337
14340
14341
14342
14343
14344
14345
14346
14347
14348
14350
14351
14352
14353
14354
14355
14356
14357
14358
14359
14360
14404
14406
14407
14408
14409
14410
14411
14412
14413
14414
14416
14417
14418
14419
14420
14421
14422
14423
14424
14427
14429
14430
14448
14449
14450
14451
14453
14454
14459
14460
14461
14462
14463
14464
14465
14466
14467
14468
14469
14470
14471
14472
14473
14474
14475
14476
14478
14479
14480
14481
14482
14483
14484
14485
14486
14487
14488
14490
14491
14492
14493
14494
14495
14496
14497
14498
14499
14501
14502
14503
14504
14505
14506
14507
14508
14510
14512
14513
14514
14515
14516
14517
14518
14519
14520
14521
14523
14524
14525
14526
14527
14528
14529
14530
14531
14532
14533
14534
14535
14536
14538
14539
14543
14546
14547
14548
14549
14551
14552
14553
14554
14555
14556
14557
14558
14559
14560
14561
14562
14563
14565
14566
14567
14568
14569
14570
14571
14572
14573
14574
14575
14577
14578
14579
14580
14663
14664
14665
14666
14667
14734
14735
14736
14737
14738
14739
14740
14741
14743
14744
14745
14747
14748
14749
14751
14752
14753
14754
14756
14757
14759
14760
14761
14762
14763
14804
14805
14806
14807
14808
14809
14810
14852
14853
14854
14855
14856
14857
14859
14860
14862
14863
14864
14865
14866
14867
14868
14869
14870
14871
14872
14873
14874
14876
14877
14878
14879
14880
14881
14882
14883
14884
14885
14886
14888
14889
14890
14891
14892
14893
14895
14898
14900
14901
14902
14903
14904
14905
14907
14908
15022
15023
15024
15025
15026
15045
15046
15047
15048
15049
15050
15051
15052
15053
15054
15055
15056
15057
15058
15076
15077
15078
15079
15080
15081
15082
15083
15084
15085
15086
15087
15088
15089
15090
15091
15092
15093
15094
15095
15097
15098
15099
15100
15102
15103
15104
15106
15107
15256
15257
15258
15259
15260
15261
15263
15264
15265
15266
15339
15340
15341
15342
15343
15344
15345
15346
15347
15348
15349
15350
15351
15352
15353
15354
15355
15357
15358
15359
15360
15361
15362
15363
15364
15365
15366
15367
15368
15369
15370
15371
15372
15373
15374
15375
15376
15377
15378
15379
15380
15381
15382
15383
15385
15386
15387
15388
15389
15390
15392
15393
15394
15395
15398
15399
15400
15401
15402
15403
15404
15405
15406
15407
15408
15409
15410
15411
15412
15413
15414
15415
15416
15417
15419
15420
15421
15422
15423
15424
15425
15426
15427
15428
15429
15430
15431
15432
15433
15434
15435
15436
15437
15439
15441
15442
15443
15444
15445
15446
15447
15448
15449
15450
15451
15452
15453
15454
15456
15457
15458
15459
15460
15461
15462
15463
15465
15466
15467
15468
15469
15470
15471
15472
15473
15474
15475
15476
15477
15478
15479
15480
15481
15482
15483
15484
15485
15486
15487
15488
15489
15490
15491
15492
15493
15494
15495
15496
15497
15498
15499
15500
15501
15502
15503
15504
15505
15506
15507
15508
15509
15510
15511
15512
15513
15514
15515
15516
15517
15518
15519
15520
15521
15523
15524
15525
15527
15528
15532
15533
15534
15535
19699
21861
21862
21863
21864
21865
21866
21867
21868
21870
21871
21872
21873
21874
21876
21877
21878
21879
21880
21881
21882
21883
21884
21885
21886
21887
21888
21889
21890
21893
21894
21895
21896
21897
21898
21899
21900
21901
21902
21903
21904
21906
21907
21909
21911
21912
21914
21915
21916
21917
21918
21919
21920
21922
21923
21924
21925
21928
21929
21930
21932
21934
21935
21936
21937
21938
21939
21941
21942
21943
21944
21945
21946
21948
21949
21950
21951
21953
21954
21955
21956
21957
21958
21959
21960
21961
21962
21963
21964
21965
21967
21968
21969
21970
21971
21972
21973
21975
21976
21977
21978
21979
21981
21983
21984
21985
21986
21987
21988
21989
21990
21991
21992
21993
21994
21995
21996
21997
21998
21999
22001
22002
22003
22005
22006
22007
22008
22009
22010
22011
22012
22014
22015
22016
22017
22018
22019
22020
22021
22022
22023
22025
22026
22027
22028
22029
22030
22031
22032
22033
22034
22035
22036
22037
22039
22040
22041
22042
22043
22044
22045
22047
22048
22050
22051
22052
22053
22054
22057
22058
22060
22061
22062
22063
22064
22065
22066
22067
22068
22069
22070
22071
22072
22073
22074
22075
22076
22077
22078
22080
22081
22083
22084
22085
22086
22087
22088
22089
22090
22091
22092
22093
22094
22095
22097
22098
22100
22101
22102
22103
22104
22106
22107
22108
22109
22110
22111
22112
22113
22114
22115
22116
22117
22118
22119
22120
22121
22122
22123
22124
22125
22126
22127
22128
22129
22130
22131
22132
22133
22134
22135
22136
22137
22138
22139
22140
22141
22142
22143
22145
22147
22148
22149
22150
22151
22152
22153
22154
22155
22156
22157
22158
22159
22160
22161
22162
22163
22164
22165
22166
22167
22168
22169
22170
22171
22172
22173
22174
22175
22176
22177
22179
22180
22181
22182
22183
22184
22185
22186
22187
22188
22189
22190
22193
22194
22195
22196
22197
22198
22199
22200
22201
22202
22203
22205
22206
22207
22208
22209
22210
22211
22212
22214
22215
22216
22217
22218
22219
22220
22221
22222
22225
22226
22227
22228
22229
22230
22231
22232
22233
22234
22235
22236
22237
22238
22239
22240
22241
22242
22243
22244
22245
22246
22247
22248
22249
22250
22251
22252
22253
22254
22255
22256
22257
22258
22259
22260
22261
22262
22264
22265
22266
22267
22268
22269
22270
22271
22272
22273
22274
22275
22276
22277
22278
22279
22280
22281
22282
22283
22284
22285
22286
22287
22288
22289
22291
22292
22293
22294
22295
22296
22297
22298
22299
22300
22301
22302
22303
22304
22307
22308
22309
22310
22311
22312
22313
22314
22315
22317
22318
22319
22320
22322
22323
22326
22327
22328
22329
22330
22331
22332
22333
22334
22335
22336
22337
22338
22339
22340
22342
22343
22344
22345
22346
22347
22348
22349
22350
22351
22352
22353
22354
22355
22356
22357
22358
22359
22360
22361
22362
22363
22364
22365
22366
22367
22369
22370
22371
22372
22373
22374
22375
22376
22377
22378
22379
22380
22381
22382
22383
22384
22385
22386
22387
22388
22389
22390
22391
22392
22393
22395
22396
22397
22398
22399
22401
22402
22403
22404
22405
22406
22407
22408
22410
22411
22412
22413
22414
22415
22416
22419
22420
22421
22422
22424
22425
22426
22427
22428
22429
22430
22431
22432
22433
22434
22435
22437
22438
22439
22440
22441
22442
22443
22444
22445
22446
22447
22448
22449
22450
22451
22452
22454
22455
22456
22457
22458
22459
22460
22461
22462
22463
22464
22465
22466
22467
22468
22469
22471
22472
22473
22474
22475
22476
22477
22478
22479
22480
22481
22482
22483
22484
22485
22486
22487
22488
22489
22490
22491
22492
22494
22497
22498
22499
22500
22501
22502
22503
22504
22505
22506
22508
22509
22510
22511
22512
22513
22514
22515
22516
22517
22518
22519
22520
22521
22522
22523
22524
22525
22526
22527
22528
22529
22530
22531
22533
22534
22535
22536
22537
22538
22539
22541
22542
22543
22544
22545
22546
22547
22548
22549
22550
22551
22552
22553
22554
22555
22557
22558
22559
22560
22561
22562
22563
22564
22565
22566
22567
22568
22569
22570
22571
22573
22574
22575
22576
22577
22578
22579
22580
22581
22582
22583
22584
22586
22587
22588
22589
22590
22591
22592
22593
22594
22595
22596
22597
22598
22599
22601
22603
22604
22605
22606
22607
22609
22610
22612
22613
22614
22615
22616
22618
22619
22620
22621
22622
22623
22624
22625
22627
22628
22629
22630
22631
22632
22664
22665
22666
22667
22669
22670
22671
22672
22673
22674
22675
22676
22677
22678
22679
22680
22681
22821
22857
22858
22859
22860
22861
22863
22864
22865
22866
22867
22869
22870
22871
22872
22873
22874
22875
22876
22877
22878
22879
22880
22881
22882
22883
22884
22885
22886
22887
22888
22889
22890
22892
22893
22894
22895
22896
22898
22899
22900
22901
22902
22903
22904
22905
22906
22907
22908
22909
22910
22911
22912
22913
22914
22915
22916
22917
22918
22919
22920
22921
22922
22923
22924
22925
22926
22929
22930
22931
22932
22933
22934
22935
22937
22938
22939
22940
22941
22942
22943
22945
22946
22947
22948
22949
22950
22951
22952
22954
22955
22956
22957
22958
22959
22960
22961
22963
22964
22965
22966
22967
22968
22969
22970
22971
22972
22974
22975
22976
22977
22978
22979
22980
22981
22982
22983
22984
22985
22991
22992
22993
22994
22996
22998
22999
23000
23003
23004
23005
23006
23007
23008
23009
23010
23012
23013
23014
23015
23149
23150
23151
23152
23153
23154
23155
23156
23157
23158
23159
23160
23161
23162
23163
23164
23165
23166
23168
23169
23170
23171
23172
23173
23174
23175
23176
23177
23180
23181
23182
23183
23184
23186
23187
23188
23189
23191
23192
23193
23194
23195
23196
23197
23198
23199
23200
23201
23202
23203
23204
23205
23206
23207
23208
23209
23210
23211
23212
23214
23215
23216
23220
23221
23223
23224
23225
23226
23228
23229
23230
23231
23232
23233
23234
23236
23237
23238
23239
23240
23241
23242
23243
23244
23245
23246
23247
23248
23250
23251
23252
23253
23254
23255
23256
23257
23258
23259
23260
23261
23262
23263
23265
23266
23267
23268
23269
23270
23272
23273
23274
23324
23325
23326
23334
23335
23336
23337
23338
23339
23340
23341
23342
23343
23344
23345
23346
23347
23348
23349
23350
23351
23352
23353
23355
23357
23358
23359
23360
23361
23362
23363
23364
23365
23366
23367
23369
23371
23372
23373
23374
23376
23377
23378
23379
23380
23381
23382
23383
23384
23427
23429
23431
23432
23433
23434
23435
23439
23440
23441
23442
23443
23444
23445
23446
23447
23448
23449
23450
23451
23452
23453
23463
23464
23465
23466
23467
23499
23500
23501
23502
23504
23505
23506
23507
23508
23509
23510
23511
23514
23515
23518
23519
23524
23525
23526
23527
23528
23529
23530
23531
23532
23533
23534
23535
23536
23537
23539
23540
23541
23542
23543
23544
23545
23546
23548
23549
23550
23551
23552
23553
23554
23555
23556
23557
23558
23559
23571
23572
23573
23576
23577
23578
23579
23580
23581
23582
23583
23584
23585
23586
23587
23588
23589
23590
23591
23592
23594
23595
23597
23598
23599
23600
23601
23602
23603
23604
23605
23606
23607
23608
23609
23610
23611
23612
23613
23615
23616
23617
23618
23619
23620
23623
23624
23625
23626
23627
23628
23630
23631
23632
23633
23634
23635
23639
23641
23642
23644
23645
23646
23647
23649
23650
23651
23652
23653
23654
23655
23656
23657
23658
23659
23660
23662
23663
23664
23665
23666
23667
23668
23828
23829
23830
23831
23832
23833
23864
23865
23867
23869
23870
23871
23872
23873
23874
23875
23876
23877
23878
23879
23880
23881
23883
23884
23885
23886
23887
23888
23889
23890
23891
23892
23893
23894
23895
23896
23897
23898
23899
23900
23901
23902
23903
23904
23905
24039
24040
24043
24044
24045
24046
24047
24048
24049
24050
24051
24052
24053
24054
24056
24057
24058
24059
24061
24062
24063
24064
24065
24066
24067
24068
24069
24070
24071
24072
24073
24074
24075
24104
24105
24106
24107
24108
24110
24111
24113
24114
24115
24116
24117
24118
24119
24120
24121
24122
24123
24124
24126
24127
24128
24129
24130
24131
24132
24133
24134
24135
24136
24137
24138
24139
24141
24143
24144
24145
24146
24147
24148
24149
24150
24151
24152
24155
24156
24157
24158
24160
24162
24165
24166
24167
24168
24169
24170
24171
24172
24173
24174
24175
24181
24182
24183
24184
24185
24186
24187
24189
24190
24191
24193
24194
24195
24196
24197
24198
24199
24201
24203
24212
24214
24216
24217
24220
24225
24231
24232
24234
24238
24239
24240
24241
24242
24243
24244
24245
24246
24247
24248
24249
24250
24251
24252
24253
24254
24255
24256
24257
24345
24346
24347
24348
24350
24351
24353
24354
24357
24358
24359
24360
24361
24362
24363
24364
24366
24368
24369
24370
24371
24372
24373
24374
24375
24376
24377
24378
24379
24380
24381
24382
24383
24384
24385
24386
24387
24388
24389
24390
24391
24392
24393
24396
24397
24398
24399
24400
24402
24403
24404
24405
24406
24407
24408
24409
24410
24411
24412
24413
24414
24415
24416
24417
24418
24419
24420
24421
24422
24423
24424
24425
24426
24427
24428
24429
24430
24431
24432
24433
24434
24435
24436
24437
24438
24439
24440
24441
24442
24443
24446
24447
24448
24449
24450
24451
24452
24453
24454
24455
24456
24457
24458
24459
24460
24461
24462
24463
24464
24465
24466
24467
24468
24469
24470
24471
24472
24473
24474
24475
24476
24477
24478
24479
24481
24482
24483
24484
24485
24486
24487
24488
24490
24491
24492
24493
24494
24495
24497
24498
24499
24500
24501
24502
24503
24504
24505
24506
24507
24508
24509
24511
24512
24513
24514
24515
24516
24517
24518
24519
24520
24521
24522
24523
24525
24526
24527
24528
24529
24532
24533
24535
24536
24537
24538
24539
24540
24541
24542
24543
24544
24545
24546
24547
24548
24549
24550
24551
24552
24555
24556
24557
24558
24559
24560
24561
24562
24563
24564
24565
24566
24567
24568
24571
24572
24573
24574
24575
24576
24577
24578
24579
24580
24581
24582
24583
24584
24585
24586
24587
24588
24589
24590
24591
24592
24593
24594
24595
24596
24597
24598
24599
24600
24601
24602
24603
24604
24605
24606
24608
24609
24610
24611
24612
24613
24615
24616
24617
24618
24619
24620
24621
24622
24623
24624
24625
24626
24627
24628
24630
24631
24632
24633
24634
24635
24636
24637
24638
24639
24640
24641
24642
24643
24645
24646
24647
24652
24653
24654
24655
24656
24657
24658
24659
24661
24662
24663
24664
24665
24666
24667
24668
24669
24670
24671
24673
24674
24675
24676
24678
24679
24681
24682
24683
24685
24686
24687
24689
24690
24691
24692
24694
24695
24696
24697
24698
24700
24702
24703
24704
24705
24706
24707
24709
24710
24711
24712
24713
24714
24715
24716
24717
24718
24719
24720
24721
24722
24723
24724
24725
24726
24727
24728
24729
24730
24731
24732
24733
24734
24735
24736
24737
24738
24739
24740
24741
24742
24743
24744
24745
24746
24747
24748
24749
24750
24751
24752
24753
24754
24755
24756
24757
24758
24759
24760
24761
24763
24764
24765
24766
24767
24768
24769
24770
24771
24798
24799
24800
24801
24802
24803
24804
24805
24806
24807
24808
24809
24810
24811
24812
24813
24814
24815
24816
24817
24818
24819
24820
24821
24822
24823
24824
24825
24826
24827
24828
24829
24830
24831
24832
24833
24834
24835
24836
24837
24838
24839
24840
24841
24842
24843
24845
24846
24847
24848
24849
24850
24851
24852
24853
24854
24855
24856
24857
24858
24859
24860
24861
24862
24863
24864
24865
24867
24868
24869
24870
24871
24872
24873
24874
24875
24876
24877
24878
24879
24880
24881
24882
24883
24884
24886
24887
24888
24890
24891
24892
24893
24894
24895
24896
24897
24898
24899
24900
24901
24902
24903
24904
24905
24906
24907
24908
24909
24910
24911
24912
24913
24914
24915
24916
24917
24918
24919
24920
24921
24922
24923
24924
24925
24926
24927
24928
24929
24930
24931
24932
24933
24934
24935
24936
24937
24938
24940
24941
24942
24943
24944
24945
24946
24947
24948
24949
24950
24951
24952
24953
24954
24955
24956
24957
24958
24959
24960
24961
24962
24963
24964
24965
24966
24967
24968
24969
24970
24971
24973
24974
24975
24978
24979
24981
24982
24983
24985
24986
24987
24988
24990
24991
24992
24993
24994
24997
24998
24999
25000
25001
25002
25003
25004
25005
25006
25008
25009
25010
25011
25012
25013
25014
25016
25017
25018
25019
25020
25021
25022
25023
25024
25025
25026
25027
25028
25029
25030
25031
25032
25036
25037
25038
25039
25040
25041
25042
25043
25044
25046
25048
25049
25050
25052
25053
25054
25055
25056
25057
25058
25059
25060
25061
25062
25063
25064
25065
25066
25067
25068
25069
25070
25071
25072
25073
25074
25075
25076
25077
25078
25079
25080
25081
25084
25085
25087
25088
25089
25090
25091
25092
25093
25094
25095
25096
25097
25098
25099
25100
25101
25102
25103
25104
25105
25106
25107
25108
25109
25110
25111
25112
25113
25114
25115
25116
25117
25118
25119
25120
25121
25122
25123
25124
25125
25126
25127
25128
25129
25130
25131
25132
25133
25134
25135
25136
25137
25138
25139
25140
25141
25142
25143
25144
25145
25146
25147
25149
25150
25151
25152
25153
25154
25155
25156
25157
25158
25159
25161
25162
25163
25164
25165
25166
25167
25168
25169
25170
25171
25172
25173
25174
25175
25176
25177
25178
25179
25180
25181
25184
25185
25186
25187
25188
25189
25190
25191
25192
25193
25194
25196
25197
25198
25202
25203
25204
25205
25206
25207
25209
25210
25211
25212
25214
25215
25216
25217
25218
25219
25220
25222
25223
25224
25225
25226
25227
25229
25230
25231
25232
25233
25234
25235
25236
25237
25238
25239
25240
25241
25242
25243
25244
25245
25246
25247
25248
25249
25250
25251
25252
25253
25254
25256
25257
25258
25259
25260
25261
25262
25264
25265
25266
25267
25268
25269
25271
25272
25273
25274
25275
25276
25278
25279
25280
25281
25282
25283
25285
25286
25287
25288
25289
25290
25291
25292
25294
25299
25300
25301
25302
25305
25306
25307
25308
25309
25311
25312
25315
25316
25317
25318
25319
25320
25321
25324
25326
25327
25328
25329
25330
25331
25332
25333
25334
25335
25336
25337
25338
25339
25340
25341
25343
25344
25345
25346
25347
25348
25349
25350
25351
25353
25354
25355
25356
25357
25358
25359
25360
25361
25362
25364
25365
25366
25367
25368
25369
25370
25371
25372
25373
25374
25375
25376
25377
25378
25379
25380
25381
25382
25383
25384
25385
25386
25387
25388
25389
25390
25468
25470
25471
25472
25474
25475
25476
25477
25478
25479
25480
25481
25482
25485
25486
25487
25489
25490
25491
25492
25493
25494
25495
25496
25497
25498
25501
25503
25504
25505
25506
25507
25508
25509
25510
25511
25512
25513
25514
25515
25516
25517
25518
25519
25520
25522
25523
25524
25525
25526
25527
25528
25529
25530
25531
25532
25534
25536
25537
25539
25540
25541
25561
25562
25563
25564
25565
25566
25568
25569
25570
25571
25572
25573
25574
25575
25576
25577
25578
25579
25580
25581
25582
25584
25585
25586
25587
25588
25589
25590
25592
25593
25613
25614
25615
25616
25617
25618
25619
25620
25621
25622
25623
25624
25625
25626
25628
25629
25716
25717
25718
25719
25720
25721
25722
25723
25724
25725
25726
25727
25728
25729
25745
25746
25747
25748
25749
25750
25752
25753
25754
25755
25756
25757
25758
25759
25761
25763
25764
25765
25766
25767
25768
25769
25770
25771
25772
25773
25774
25775
25776
25778
25779
25780
25781
25782
25784
25785
25786
25787
25788
25789
25790
25791
25792
25793
25794
25795
25796
25797
25798
25799
25800
25801
25802
25804
25805
25806
25807
25808
25809
25810
25830
25831
25832
25833
25835
25836
25859
25860
25861
25863
25864
25865
25866
25867
25868
25869
25870
25871
25872
25873
25874
25876
25877
25878
25879
25880
25881
25882
25883
25884
25885
25886
25887
25998
25999
26000
26002
26003
26004
26005
26006
26007
26008
26009
26011
26012
26013
26014
26015
26016
26017
26018
26019
26020
26021
26022
26023
26024
26025
26026
26027
26028
26029
26030
26031
26032
26033
26036
26037
26038
26039
26046
26047
26048
26049
26051
26052
26053
26054
26055
26057
26058
26059
26060
26061
26062
26063
26064
26065
26066
26067
26068
26069
26070
26074
26075
26076
26077
26078
26079
26080
26082
26083
26086
26087
26088
26091
26092
26093
26094
26095
26096
26098
26099
26100
26101
26104
26105
26107
26108
26109
26110
26111
26112
26113
26114
26193
26194
26195
26196
26197
26198
26199
26200
26201
26202
26204
26205
26206
26207
26208
26209
26210
26212
26213
26214
26215
26216
26217
26218
26219
26221
26223
26224
26225
26226
26227
26228
26229
26233
26234
26235
26236
26237
26238
26239
26240
26241
26242
26243
26244
26245
26246
26247
26248
26249
26251
26252
26253
26254
26255
26256
26257
26258
26259
26262
26263
26264
26265
26266
26267
26268
26269
26270
26271
26272
26273
26274
26275
26276
26277
26278
26280
26283
26284
26285
26286
26287
26288
26289
26290
26291
26293
26294
26295
26296
26302
26303
26304
26307
26308
26309
26310
26311
26312
26313
26314
26315
26316
26317
26318
26319
26320
26321
26322
26324
26326
26328
26329
26331
26332
26333
26334
26335
26337
26338
26339
26340
26341
26343
26344
26345
26346
26347
26348
26349
26350
26351
26352
26353
26354
26355
26356
26357
26358
26359
26360
26361
26362
26363
26364
26365
26366
26370
26372
26373
26374
26376
26377
26378
26379
26380
26381
26382
26383
26384
26385
26386
26387
26388
26389
26390
26391
26392
26393
26394
26395
26396
26397
26398
26399
26400
26401
26402
26403
26404
26405
26406
26407
26408
26409
26410
26411
26412
26413
26414
26415
26416
26419
26420
26421
26422
26423
26425
26426
26427
26428
26429
26430
26431
26432
26433
26434
26435
26436
26437
26438
26439
26440
26441
26442
26443
26444
26445
26446
26447
26448
26449
26450
26451
26452
26453
26454
26455
26456
26457
26458
26459
26460
26461
26462
26463
26464
26465
26466
26467
26469
26470
26471
26472
26473
26474
26475
26476
26477
26478
26479
26480
26481
26482
26483
26484
26485
26486
26487
26488
26489
26490
26491
26492
26493
26496
26497
26498
26499
26500
26501
26503
26504
26505
26506
26507
26510
26511
26512
26513
26514
26515
26516
26517
26518
26519
26520
26521
26522
26523
26525
26526
26527
26528
26529
26530
26531
26532
26533
26534
26535
26536
26537
26538
26539
26540
26543
26544
26545
26546
26547
26548
26550
26551
26552
26553
26554
26555
26556
26557
26559
26560
26561
26700
31177
31178
31179
31180
31181
31182
31183
31184
31185
31186
31188
31189
31190
31191
31193
31194
31196
31197
31198
31200
31201
31202
31204
31205
31206
31207
31209
31210
31211
31212
31213
31215
31217
31218
31219
31220
31221
31222
31224
31225
31226
31227
31228
31229
31230
31231
31232
31233
31234
31235
31236
31237
31238
31239
31240
31241
31242
31243
31244
31245
31246
31247
31248
31249
31250
31251
31252
31253
31254
31255
31256
31257
31258
31259
31260
31261
31262
31263
31264
31265
31266
31267
31268
31269
31270
31271
31272
31273
31274
31275
31276
31278
31279
31280
31281
31282
31283
31284
31285
31286
31287
31288
31289
31290
31291
31292
31296
31298
31299
31300
31301
31302
31303
31304
31305
31306
31309
31310
31311
31312
31313
31314
31315
31316
31317
31318
31319
31320
31322
31323
31324
31325
31326
31327
31328
31329
31330
31331
31332
31333
31334
31335
31336
31337
31338
31339
31341
31342
31343
31344
31345
31346
31347
31349
31350
31351
31352
31353
31354
31355
31356
31357
31358
31359
31360
31361
31362
31363
31364
31365
31366
31367
31368
31369
31370
31371
31372
31373
31374
31375
31376
31377
31378
31379
31381
31383
31384
31385
31386
31388
31389
31390
31391
31392
31394
31395
31396
31397
31398
31399
31400
31401
31402
31403
31404
31405
31406
31407
31408
31409
31410
31412
31413
31414
31415
31416
31417
31418
31420
31421
31423
31425
31426
31427
31428
31429
31431
31432
31433
31434
31435
31436
31437
31438
31439
31440
31441
31442
31443
31444
31445
31446
31447
31449
31450
31451
31452
31453
31454
31455
31456
31458
31459
31460
31461
31462
31463
31464
31465
31466
31467
31468
31469
31470
31471
31472
31473
31474
31475
31476
31477
31478
31479
31480
31482
31484
31485
31486
31487
31488
31489
31490
31491
31492
31493
31494
31495
31496
31497
31498
31499
31500
31501
31502
31503
31504
31505
31509
31510
31511
31512
31513
31514
31515
31516
31517
31518
31519
31520
31521
31522
31523
31524
31525
31526
31527
31528
31529
31530
31531
31532
31533
31534
31535
31536
31537
31538
31539
31540
31541
31542
31544
31545
31546
31547
31548
31549
31550
31551
31552
31553
31554
31555
31556
31557
31558
31561
31564
31565
31566
31567
31568
31570
31571
31572
31574
31575
31576
31577
31578
31579
31580
31581
31582
31583
31584
31585
31586
31587
31588
31589
31590
31591
31592
31593
31594
31595
31596
31597
31598
31599
31600
31601
31602
31603
31604
31605
31606
31607
31610
31611
31612
31613
31614
31616
31617
31618
31619
31620
31621
31622
31623
31624
31625
31626
31627
31628
31629
31630
31631
31632
31633
31634
31635
31636
31637
31638
31639
31640
31641
31642
31643
31644
31645
31646
31647
31648
31649
31650
31651
31652
31653
31654
31655
31656
31657
31658
31659
31660
31661
31662
31663
31664
31665
31666
31667
31668
31669
31670
31671
31672
31673
31674
31675
31676
31677
31678
31679
31680
31681
31682
31683
31684
31685
31686
31687
31688
31689
31690
31691
31694
31695
31696
31697
31698
31699
31701
31702
31703
31704
31705
31708
31709
31710
31711
31712
31713
31714
31715
31716
31717
31718
31719
31720
31721
31722
31723
31724
31725
31726
31727
31728
31729
31730
31731
31732
31733
31734
31735
31736
31737
31738
31739
31740
31742
31743
31744
31745
31747
31748
31750
31751
31752
31754
31755
31756
31758
31759
31760
31761
31763
31764
31765
31766
31767
31769
31771
31772
31773
31774
31775
31776
31778
31779
31780
31781
31782
31783
31784
31785
31786
31787
31788
31789
31790
31791
31792
31793
31794
31795
31796
31797
31798
31799
31800
31801
31802
31803
31804
31805
31806
31807
31808
31809
31810
31811
31812
31813
31814
31815
31816
31817
31818
31819
31820
31821
31822
31823
31824
31825
31826
31827
31828
31829
31830
31832
31833
31834
31835
31836
31837
31838
31839
31840
31841
31842
31843
31844
31845
31846
31847
31848
31849
31850
31851
31852
31853
31854
31855
31856
31857
31858
31859
31861
31862
31863
31864
31865
31866
31867
31868
31869
31871
31872
31873
31874
31876
31877
31878
31879
31880
31881
31882
31883
31884
31886
31887
31888
31890
31891
31892
31893
31895
31896
31897
31898
31899
31900
31901
31902
31903
31904
31905
31906
31907
31908
31909
31910
31911
31912
31913
31914
31915
31916
31917
31918
31919
31920
31921
31922
31923
31924
31925
31926
31927
31928
31929
31931
31932
31934
31935
31936
31937
31938
31939
31940
31941
31942
31943
31944
31945
31946
31947
31948
31949
31950
31952
31953
31954
31955
31956
31957
31958
31959
31960
31961
31962
31963
31964
31965
31966
31967
31968
31970
31971
31972
31973
31974
31975
31976
31977
31978
31979
31980
31982
31983
31984
31985
31986
31987
31988
31989
31990
31991
31993
31994
31995
31997
31998
31999
32000
32001
32002
32003
32004
32005
32006
32007
32008
32012
32013
32014
32015
32020
32021
32022
32023
32024
32027
32028
32029
32030
32031
32032
32033
32034
32035
32036
32038
32039
32040
32041
32042
32043
32044
32045
32046
32047
32049
32050
32051
32052
32053
32054
32055
32056
32057
32313
32314
32315
32316
32317
32318
32319
32320
32321
32322
32323
32324
32325
32326
32327
32328
32330
32331
32332
32333
32334
32335
32336
32337
32338
32339
32340
32341
32342
32343
32345
32346
32347
32349
32350
32351
32352
32353
32354
32355
32356
32357
32358
32359
32360
32361
32362
32363
32364
32365
32366
32367
32368
32369
32370
32371
32372
32373
32374
32376
32377
32378
32379
32380
32381
32382
32383
32384
32385
32386
32387
32388
32389
32390
32391
32392
32393
32394
32395
32396
32397
32398
32399
32400
32401
32402
32403
32404
32405
32406
32407
32408
32409
32411
32412
32415
32416
32418
32419
32420
32421
32422
32423
32424
32425
32427
32428
32430
32431
32434
32435
32436
32437
32438
32440
32442
32443
32444
32445
32446
32447
32448
32449
32450
32451
32452
32453
32454
32455
32456
32457
32458
32459
32460
32461
32462
32463
32464
32465
32466
32469
32470
32471
32472
32473
32474
32475
32476
32477
32478
32479
32480
32481
32482
32483
32484
32485
32486
32487
32488
32489
32490
32491
32492
32493
32494
32495
32496
32498
32499
32500
32501
32503
32504
32505
32507
32508
32509
32510
32511
32512
32513
32514
32515
32516
32517
32518
32519
32520
32521
32522
32523
32524
32526
32528
32529
32530
32531
32534
32535
32537
32538
32539
32540
32541
32542
32543
32544
32545
32546
32547
32548
32549
32550
32551
32553
32554
32555
32556
32557
32558
32559
32560
32561
32562
32563
32564
32565
32566
32567
32568
32570
32571
32572
32573
32574
32575
32576
32577
32578
32579
32580
32581
32583
32584
32585
32586
32588
32589
32590
32591
32592
32593
32594
32595
32596
32597
32598
32600
32601
32603
32604
32606
32607
32608
32609
32610
32611
32615
32616
32617
32618
32619
32620
32621
32623
32624
32625
32626
32627
32629
32630
32632
32635
32636
32638
32639
32640
32641
32642
32643
32644
32645
32646
32647
32648
32649
32650
32652
32654
32656
32657
32658
32659
32660
32661
32662
32663
32664
32665
32667
32668
32669
32670
32671
32672
32673
32674
32675
32676
32677
32678
32679
32680
32682
32683
32684
32685
32686
32687
32688
32689
32692
32693
32694
32695
32696
32698
32699
32700
32701
32702
32703
32704
32705
32706
32707
32708
32709
32710
32711
32712
32713
32714
32715
32716
32717
32718
32719
32720
32721
32722
32723
32724
32725
32726
32727
32728
32729
32730
32731
32732
32734
32735
32737
32738
32739
32740
32741
32742
32743
32744
32746
32747
32748
32749
32750
32751
32753
32754
32755
32756
32757
32758
32759
32760
32761
32762
32763
32764
32765
32766
32767
32768
32769
32770
32771
32772
32773
32774
32775
32778
32779
32781
32782
32783
32784
32785
32786
32787
32788
32789
32790
32791
32792
32793
32794
32795
32796
32797
32798
32799
32800
32801
32802
32803
32804
32805
32806
32807
32808
32809
32810
32811
32812
32813
32814
32815
32816
32817
32818
32819
32821
32823
32825
32826
32827
32828
32829
32830
32832
32833
32834
32835
32836
32837
32838
32839
32840
32841
32845
32846
32847
32848
32849
32850
32851
32852
32855
32856
32857
32858
32859
32860
32861
32862
32863
32864
32865
32866
32867
32868
32869
32870
32871
32872
32873
32874
32875
32876
32877
32878
32879
32880
32881
32882
32883
32884
32885
32886
32887
32888
32889
32890
32891
32892
32893
32894
32895
32896
32897
32898
32899
32900
32901
32902
32903
32904
32905
32906
32907
32908
32909
32910
32911
32912
32913
32914
32915
32916
32917
32918
32919
32920
32921
32922
32923
32924
32925
32926
32927
32928
32929
32930
32931
32932
32933
32935
32936
32937
32938
32939
32940
32941
32942
32943
32944
32945
32946
32947
32948
32949
32950
32951
32952
32953
32954
32955
32956
32957
32958
32959
32960
32961
32962
32963
32964
32965
32966
32967
32968
32969
32970
32971
32972
32973
32974
32975
32976
32977
32978
32979
32980
32981
32982
32983
32984
32985
32986
32987
32988
32989
32990
32991
32992
32993
32995
32996
32997
32998
32999
33000
33001
33002
33003
33004
33005
33006
33008
33009
33010
33011
33012
33013
33014
33015
33016
33017
33018
33019
33020
33021
33022
33023
33024
33025
33026
33027
33028
33029
33030
33031
33032
33033
33034
33035
33036
33037
33038
33039
33041
33042
33043
33044
33045
33046
33047
33048
33049
33050
33051
33052
33053
33054
33055
33056
33057
33058
33059
33060
33061
33063
33064
33065
33066
33067
33069
33070
33071
33073
33074
33075
33076
33077
33078
33079
33080
33081
33082
33083
33084
33085
33086
33088
33089
33090
33091
33092
33093
33094
33095
33096
33097
33098
33099
33100
33101
33102
33103
33104
33105
33106
33107
33108
33109
33110
33111
33112
33113
33115
33116
33117
33118
33119
33120
33121
33122
33123
33126
33127
33128
33129
33130
33131
33134
33135
33136
33137
33138
33140
33141
33142
33143
33144
33145
33146
33147
33148
33149
33150
33151
33152
33153
33154
33155
33156
33157
33158
33159
33160
33161
33162
33163
33164
33165
33166
33167
33168
33169
33170
33171
33172
33173
33174
33176
33177
33178
33179
33180
33181
33182
33183
33184
33186
33187
33188
33189
33191
33192
33193
33194
33195
33196
33197
33198
33199
33200
33201
33203
33204
33205
33206
33207
33208
33209
33210
33211
33212
33213
33214
33215
33216
33217
33218
33219
33220
33221
33222
33223
33224
33225
33226
33227
33228
33229
33230
33231
33232
33233
33234
33235
33236
33237
33238
33239
33240
33241
33242
33243
33244
33245
33246
33248
33249
33250
33251
33252
33253
33254
33255
33256
33257
33258
33259
33260
33261
33262
33263
33264
33265
33266
33267
33268
33269
33270
33271
33272
33273
33274
33275
33276
33277
42771
42773
42776
42777
42778
42779
42780
42781
42782
42783
42784
42785
42787
42788
42789
42790
42791
42792
42793
42798
42799
42800
42801
42802
42803
42804
42805
42806
42807
42808
42809
42810
42811
42812
42814
42815
42816
42817
42818
42819
42820
42823
42824
42825
42826
42827
42828
42829
42831
42832
42833
42834
42835
42836
42837
42838
42839
42840
42841
42842
42843
42844
42845
42846
42847
42849
42851
42852
42853
42855
42856
42857
42858
42859
42860
42861
42862
42863
42864
42866
42867
42868
42869
42893
42896
42897
42898
42913
42914
42915
42916
42917
42918
42935
42936
42937
42938
42939
42941
42942
42943
42944
42945
42946
42948
42949
42950
42951
42952
42953
42954
42955
42956
42957
42958
42960
42961
42962
42963
42964
42965
42966
42967
42977
42978
42979
42980
42981
42982
42983
42984
42985
42986
42987
42988
42990
42993
42994
42996
42997
42998
42999
43000
43001
43022
43023
43024
43025
43026
43027
43029
43030
43031
43032
43033
43034
43035
43036
43037
43038
43039
43040
43041
43042
43043
43044
43045
43046
43047
43050
43051
43052
43053
43054
43055
43056
43057
43058
43059
43060
43061
43062
43063
43064
43065
43066
43067
43068
43069
43070
43071
43072
43073
43076
43077
43078
43079
43080
43081
43082
43083
43084
43085
43086
43087
43088
43089
43090
43091
43092
43093
43094
43095
43096
43097
43098
43099
43100
43102
43103
43104
43105
43106
43107
43108
43109
43110
43112
43113
43114
43116
43117
43118
43119
43121
43122
43123
43124
43125
43126
43127
43128
43129
43130
43131
43132
43133
43134
43147
43148
43149
43150
43151
43152
43153
43154
43155
43156
43157
43158
43159
43160
43161
43162
43163
43164
43165
43166
43167
43169
43172
43173
44885
44886
44887
44888
46476
49041
50323
50481
51567
51568
51569
51570
51571
51572
51573
51574
51575
51576
51577
51579
51580
51581
51582
51583
51584
51585
51587
51589
51590
51591
51592
51595
51596
51597
51598
51599
51600
51601
51602
51603
51604
51605
51607
51608
51611
51612
51614
51615
51616
51617
51619
51620
51621
51622
51623
51624
51625
51627
51628
51629
51630
51631
51632
51633
51634
51636
51637
51638
51639
51641
51642
51645
51647
51648
51650
51653
51655
51656
51657
51658
51659
51660
51661
51662
51663
51664
51665
51666
51667
51668
51669
51670
51671
51672
51674
51675
51676
51677
51678
51679
51680
51681
51682
51683
51684
51685
51686
51687
51688
51690
51691
51692
51693
51694
51695
51696
51697
51698
51699
51701
51702
51703
51704
51705
51706
51707
51708
51710
51711
51712
51713
51714
51716
51718
51720
51721
51722
51723
51725
51726
51727
51728
51729
51730
51731
51732
51733
51735
51736
51737
51738
51739
51740
51741
51742
51743
51744
51745
51746
51747
51748
51750
51751
51752
51753
51754
51755
51756
51758
51759
51760
51761
51762
51765
51766
51767
51768
51771
51772
51773
51774
51775
51777
51778
51779
51780
51782
51784
51788
51789
51811
51812
51813
51814
51815
51816
51817
51818
51869
51870
51871
51872
51873
51875
51876
51877
51878
51880
51881
51882
51884
51888
51891
51895
51896
51898
51899
51900
51903
51905
51907
51908
51910
51911
51912
51913
51914
51917
51918
51919
51920
51923
51925
51927
51929
51930
51931
51932
51934
51935
51936
51938
51939
51940
51941
51942
51945
51946
51947
51948
51949
51950
51951
51954
51955
51956
51957
51958
51959
51961
51963
51964
51965
51966
51968
51972
51973
51974
51975
51976
51977
51978
51980
51981
51982
51983
51984
51985
51986
51987
51988
51989
51990
51991
51992
51993
51994
51995
51996
51997
51998
51999
52000
52018
52019
52020
52021
52022
52023
52024
52025
52026
52028
52031
52035
52037
52038
52128
52129
52130
52132
52133
52135
52136
52138
52139
52141
52142
52143
52144
52148
52149
52150
52153
52154
52156
52158
52159
52160
52161
52162
52163
52164
52165
52167
52169
52170
52171
52172
52173
52174
52175
52176
52177
52178
52179
52180
52181
52182
52183
52184
52186
52187
52189
52190
52191
52192
52193
52195
52196
52198
52199
52200
52201
52202
52203
52205
52206
52207
52208
52209
52210
52211
52212
52214
52215
52216
52218
52219
52220
52222
52223
52224
52226
52227
52228
52229
52231
52232
52233
52234
52235
52236
52237
52238
52239
52241
52242
52244
52245
52246
52248
52249
52250
52251
52252
52253
52333
52335
52336
52337
52338
52339
52340
52341
52343
52344
52345
52347
52348
52350
52352
52353
52354
52356
52357
52360
52361
52362
52364
52365
52366
52367
52368
52369
52370
52371
52372
52373
52374
52376
52377
52378
52379
52380
52381
52382
52383
52384
52386
52387
52388
52389
52390
52391
52392
52393
52394
52397
52398
52400
52402
52404
52406
52407
52408
52409
52410
52413
52414
52415
52417
52418
52419
52420
52423
52424
52426
52427
52429
52430
52432
52434
52435
52436
52437
52438
52440
52441
52442
52443
52444
52445
52446
52447
52448
52449
52450
52451
52452
52453
52456
52457
52458
52459
52460
52462
52463
52464
52465
52468
52469
52470
52471
52472
52474
52477
52478
52479
52480
52481
52482
52484
52485
52486
52487
52489
52490
52491
52492
52493
52494
52495
52496
52497
52498
52499
52500
52501
52502
52504
52505
52506
52507
52508
52509
52510
52511
52512
52513
52514
52517
52518
52519
52520
52522
52523
52525
52526
52527
52528
52529
52530
52531
52532
52533
52534
52535
52536
52537
52538
52539
52540
52541
52542
52543
52544
52545
52547
52548
52550
52551
52552
52553
52554
52555
52556
52557
52558
52559
52560
52561
52562
52563
52564
52565
52566
52567
52568
52570
52571
52572
52573
52574
52575
52576
52577
52578
52579
52580
52581
52583
52584
52585
52586
52587
52588
52590
52591
52593
52594
52595
52596
52597
52600
52601
52602
52603
52604
52605
52606
52607
52608
52609
52610
52611
52612
52613
52614
52615
52616
52617
52618
52619
52620
52621
52622
52623
52624
52625
52627
52628
52629
52631
52632
52633
52634
52635
52636
52637
52638
52639
52640
52641
52642
52644
52645
52646
52647
52648
52649
52650
52651
52652
52653
52654
52655
52656
52657
52658
52659
52660
52661
52662
52663
52664
52665
52666
52667
52668
52669
52670
52671
52673
52674
52675
52676
52677
52678
52679
52680
52681
52683
52685
52686
52687
52688
52689
52690
52691
52692
52693
52694
52695
52696
52697
52698
52699
52700
52701
52702
52703
52704
52705
52706
52707
52708
52709
52710
52711
52712
52713
52714
52715
52716
52717
52718
52719
52720
52721
52722
52723
52724
52725
52727
52728
52729
52730
52731
52732
52734
52735
52736
52737
52738
52739
52740
52741
52742
52743
52744
52745
52746
52747
52749
52750
52751
52752
52753
52754
52755
52756
52757
52758
52759
52760
52761
52762
52763
52764
52765
52766
52767
52770
52771
52772
52773
52774
52775
52776
52777
52778
52779
52780
52782
52783
52784
52785
52786
52787
52788
52789
52791
52792
52793
52794
52795
52796
52797
52798
52799
52800
52801
52802
52803
52804
52806
52807
52808
52809
52810
52811
52812
52813
52815
52816
52817
52818
52819
52820
52821
52822
52823
52824
52826
52827
52830
52831
52832
52833
52834
52837
52838
52839
52840
52841
52843
52844
52845
52846
52847
52848
52849
52851
52852
52853
52855
52857
52858
52859
52860
52862
52863
52864
52865
52866
52867
52868
52869
52870
52871
52872
52873
52874
52896
52897
52898
52900
52901
52902
52903
52904
52905
52906
52958
52959
52960
52961
52962
52963
52964
52966
52967
52968
52969
52970
52971
52972
52973
52974
52977
52979
52980
52981
52982
52983
52984
52985
52986
52987
52988
52989
52990
52991
52992
52993
52994
52995
52996
52997
52998
52999
53000
53001
53002
53003
53004
53006
53007
53008
53009
53010
53011
53012
53013
53014
53015
53016
53017
53018
53019
53020
53021
53022
53024
53025
53026
53027
53028
53029
53030
53031
53032
53033
53034
53035
53036
53037
53104
