1
7
10
11
13
15
16
17
20
21
23
24
26
27
29
30
31
33
34
35
36
37
38
40
46
51
52
54
59
60
61
62
63
66
68
69
70
71
72
73
74
75
78
79
81
82
83
84
85
86
87
88
89
90
91
95
96
97
98
99
102
104
108
109
111
112
114
115
116
117
118
120
121
122
123
124
126
127
128
129
131
133
134
135
136
137
138
139
140
143
144
148
150
151
153
154
155
156
157
162
163
164
165
166
168
169
170
171
172
174
175
178
179
180
183
184
185
191
192
193
199
200
201
203
204
205
206
207
208
209
210
211
212
213
214
215
216
217
218
221
223
228
229
239
240
246
247
248
249
251
252
253
255
256
257
260
261
264
265
266
267
273
276
277
278
279
281
282
283
284
285
286
287
288
290
291
293
296
299
300
302
303
304
306
308
309
310
311
312
315
317
318
319
320
321
322
323
326
327
328
330
331
332
333
334
337
338
339
341
343
344
350
351
352
354
355
356
357
360
361
362
363
365
366
367
368
370
374
375
376
378
379
381
382
383
384
385
386
388
393
395
396
397
398
399
400
401
403
405
408
410
411
413
416
417
516
517
518
519
520
523
528
529
530
531
534
535
536
537
538
542
571
572
578
582
587
588
589
591
593
595
596
597
599
601
606
610
611
612
613
615
619
620
621
623
624
625
627
628
630
631
633
634
635
636
639
640
641
642
643
644
645
646
647
649
650
651
652
653
655
656
659
660
661
662
665
667
668
669
673
674
675
677
678
680
681
685
686
687
688
690
691
693
695
696
699
702
703
704
705
706
708
709
710
715
716
717
718
720
721
722
723
726
731
737
740
741
742
743
745
746
747
748
749
750
752
754
765
771
772
773
776
777
778
779
784
786
787
788
789
790
792
793
797
798
799
800
802
805
811
812
813
815
819
821
823
825
826
831
832
833
835
836
837
838
839
840
847
849
851
852
853
854
855
856
857
858
859
860
861
862
863
865
866
867
868
869
870
872
875
876
877
878
881
882
883
887
888
890
891
892
895
896
897
899
901
902
903
904
905
907
908
909
910
911
913
914
915
917
918
919
920
921
924
925
926
927
931
932
933
934
935
936
937
938
939
940
941
942
943
945
946
947
949
951
952
953
954
955
956
957
958
960
961
962
963
973
974
977
978
980
982
983
984
987
988
989
990
991
993
994
997
999
1003
1004
1007
1008
1011
1012
1013
1018
1019
1020
1021
1022
1023
1025
1026
1027
1029
1031
1032
1033
1034
1036
1037
1038
1039
1040
1041
1042
1043
1044
1045
1046
1047
1048
1049
1050
1051
1052
1053
1054
1055
1056
1057
1058
1059
1060
1061
1062
1063
1064
1065
1066
1067
1068
1069
1070
1071
1073
1074
1075
1076
1077
1079
1080
1081
1082
1083
1085
1090
1091
1092
1095
1096
1098
1099
1101
1102
1103
1105
1108
1110
1111
1112
1113
1114
1115
1118
1119
1120
1122
1124
1131
1137
1140
1146
1148
1149
1150
1151
1152
1153
1154
1155
1156
1157
1160
1161
1162
1163
1166
1167
1169
1170
1172
1174
1175
1176
1177
1178
1179
1180
1181
1182
1183
1184
1185
1186
1188
1189
1193
1194
1195
1196
1198
1199
1200
1201
1202
1204
1205
1206
1207
1208
1209
1210
1211
1215
1220
1222
1224
1225
1227
1228
1229
1233
1234
1235
1237
1240
1243
1252
1253
1259
1260
1262
1263
1266
1267
1268
1269
1270
1272
1277
1280
1281
1282
1285
1286
1287
1288
1289
1290
1291
1292
1294
1296
1297
1298
1299
1301
1302
1303
1306
1308
1310
1311
1312
1313
1314
1315
1316
1317
1318
1319
1323
1326
1327
1328
1330
1331
1337
1339
1341
1342
1345
1346
1348
1349
1350
1351
1352
1353
1355
1359
1363
1366
1368
1369
1370
1374
1378
1379
1380
1381
1382
1384
1387
1388
1392
1393
1394
1395
1396
1397
1401
1402
1403
1404
1405
1406
1407
1408
1411
1413
1415
1417
1418
1419
1420
1421
1422
1423
1424
1426
1427
1428
1429
1430
1431
1432
1433
1434
1435
1436
1437
1438
1439
1440
1441
1443
1445
1446
1448
1449
1451
1453
1455
1457
1458
1459
1460
1461
1462
1463
1464
1466
1467
1468
1469
1471
1472
1473
1475
1476
1477
1478
1480
1481
1482
1483
1484
1486
1487
1488
1489
1490
1491
1492
1494
1495
1496
1498
1499
1500
1501
1502
1503
1504
1506
1508
1510
1511
1512
1513
1514
1515
1516
1517
1518
1519
1520
1521
1524
1525
1527
1528
1529
1530
1533
1534
1539
1540
1541
1542
1544
1545
1546
1547
1551
1554
1556
1557
1558
1559
1560
1561
1562
1563
1564
1565
1566
1568
1569
1570
1571
1572
1573
1574
1575
1576
1577
1578
1579
1580
1582
1585
1586
1587
1588
1589
1590
1591
1594
1595
1599
1602
1603
1604
1605
1606
1613
1614
1615
1617
1619
1622
1623
1625
1626
1627
1629
1630
1631
1632
1633
1634
1635
1636
1637
1638
1640
1641
1642
1643
1644
1645
1646
1647
1648
1649
1650
1651
1653
1655
11088
11089
11092
11093
11094
11096
11099
11101
11105
11109
11110
11111
11112
11113
11115
11117
11119
11122
11123
11124
11125
11126
11127
11128
11129
11130
11131
11133
11135
11136
11138
11140
11142
11144
11147
11148
11150
11151
11155
11156
11157
11158
11159
11160
11162
11163
11164
11166
11167
11168
11169
11170
11171
11172
11173
11174
11176
11177
11184
11186
11187
11188
11189
11190
11192
11193
11198
11199
11201
11204
11206
11207
11209
11210
11211
11213
11214
11216
11220
11221
11222
11223
11225
11228
11229
11230
11231
11233
11234
11240
11241
11243
11244
11245
11246
11251
11255
11256
11257
11260
11271
11272
11274
11275
11276
11277
11278
11279
11282
11285
11289
11290
11293
11298
11304
11305
11306
11307
11308
11309
11310
11311
11313
11316
11319
11328
11329
11332
11333
11334
11335
11337
11339
11340
11341
11342
11343
11345
11348
11351
11352
11355
11356
11360
11361
11362
11363
11367
11368
11369
11372
11373
11374
11375
11377
11378
11381
11383
11385
11387
11388
11389
11390
11393
11394
11396
11398
11399
11402
11405
11408
11414
11416
11422
11423
11424
11425
11426
11427
11429
11430
11432
11433
11434
11435
11439
11440
11441
11442
11443
11447
11448
11449
11451
11452
11455
11456
11458
11459
11460
11461
11462
11475
11477
11478
11479
11482
11485
11489
11492
11498
11499
11500
11501
11502
11504
11506
11507
11508
11509
11510
11511
11512
11515
11516
11517
11518
11519
11521
11522
11524
11525
11528
11531
11532
11539
11540
11541
11545
11546
11559
11592
11594
11596
11649
11650
11653
11654
11660
11679
11683
11691
11692
11700
11701
11705
11707
11719
11720
11723
11724
11728
11730
11733
11737
11743
11751
11758
11764
11772
11773
11781
11782
11783
11786
11787
11789
11791
11792
11793
11795
11796
11797
11800
11821
11822
11823
11824
11825
11828
11829
11848
11849
11940
11941
11943
11945
11946
11954
11960
11964
11966
11968
11970
11974
11976
11988
11994
11995
11997
12003
12004
12009
12010
12013
12014
12015
12018
12019
12021
12024
12030
12033
12034
12037
12043
12044
12047
12048
12049
12050
12052
12054
12056
12061
12065
12069
12072
12073
12075
12076
12131
12134
12136
12139
12142
12146
12152
12153
12157
12158
12159
12161
12162
12163
12165
12167
12168
12175
12177
12178
12179
12180
12185
12187
12192
12197
12198
12204
12210
12215
12221
12226
12233
12234
12238
12240
12247
12250
12251
12253
12256
12264
12265
12268
12277
12282
12291
12299
12301
12306
12310
12311
12312
12314
12316
12317
12318
12319
12320
12321
12324
12325
12327
12328
12330
12331
12332
12333
12334
12340
12343
12344
12346
12349
12350
12352
12354
12356
12358
12360
12361
12362
12364
12365
12366
12367
12368
12369
12372
12379
12381
12384
12385
12387
12388
12390
12392
12393
12395
12400
12401
12402
12403
12405
12414
12415
12416
12419
12428
12432
12434
12438
12439
12440
12442
12443
12445
12448
12449
12450
12453
12454
12455
12456
12458
12460
12461
12462
12464
12466
12469
12471
12474
12475
12478
12479
12481
12482
12484
12485
12486
12487
12488
12489
12491
12492
12493
12494
12495
12496
12497
12498
12499
12500
12501
12502
12504
12505
12506
12508
12512
12516
12518
12520
12522
12525
12529
12530
12531
12532
12533
12536
12538
12540
12541
12542
12543
12544
12547
12548
12549
12551
12553
12554
12555
12558
12560
12562
12568
12575
12579
12580
12581
12582
12583
12585
12588
12589
12590
12591
12595
12596
12597
12603
12604
12607
12608
12611
12612
12613
12619
12622
12623
12625
12626
12629
12630
12631
12633
12634
12635
12637
12638
12639
12644
12645
12647
12648
12650
12654
12655
12656
12660
12661
12662
12663
12671
12673
12677
12680
12681
12729
12731
12732
12733
12737
12738
12739
12741
12744
12746
12747
12748
12749
12750
12752
12753
12756
12757
12760
12761
12762
12765
12766
12768
12769
12770
12771
12774
12775
12776
12777
12784
12787
12788
12789
12791
12792
12793
12795
12796
12797
12800
12802
12803
12806
12807
12811
12812
12813
12814
12816
12817
12818
12819
12820
12821
12823
12826
12828
12829
12830
12832
12833
12834
12835
12839
12840
12841
12842
12844
12845
12846
12847
12848
12849
12850
12851
12852
12859
12861
12862
12863
12864
12866
12867
12868
12869
12870
12871
12872
12874
12875
12877
12878
12883
12886
12889
12890
12891
12892
12895
12899
12900
12902
12903
12906
12907
12908
12909
12910
12913
12914
12919
12920
12921
12922
12925
12931
12932
12934
12936
12937
12939
12940
12942
12943
12944
12945
12948
13196
13198
13199
13200
13201
13204
13205
13206
13207
13209
13212
13214
13215
13216
13217
13218
13219
13220
13221
13222
13223
13224
13225
13226
13227
13229
13231
13233
13234
13241
13242
13243
13244
13246
13248
13252
13253
13257
13258
13259
13260
13263
13264
13267
13268
13269
13271
13272
13276
13277
13278
13279
13280
13281
13282
13283
13284
13285
13286
13287
13288
13289
13290
13291
13292
13293
13294
13296
13297
13298
13301
13302
13304
13305
13306
13307
13308
13310
13312
13313
13314
13315
13316
13317
13318
13319
13320
13323
13324
13325
13327
13328
13330
13331
13332
13333
13334
13335
13336
13337
13338
13339
13341
13342
13343
13346
13347
13348
13355
13358
13359
13360
13361
13363
13365
13367
13368
13370
13371
13372
13373
13374
13376
13377
13379
13381
13382
13383
13385
13386
13387
13388
13390
13391
13392
13394
13395
13396
13397
13398
13399
13401
13402
13403
13405
13406
13407
13408
13409
13410
13411
13412
13415
13416
13417
13419
13426
13431
13435
13436
13437
13441
13442
13443
13444
13445
13446
13447
13448
13450
13453
13454
13456
13457
13458
13459
13460
13463
13466
13472
13473
13474
13475
13476
13478
13479
13480
13482
13488
13490
13491
13496
13497
13499
13500
13502
13506
13509
13510
13511
13512
13514
13516
13519
13520
13521
13523
13524
13526
13527
13528
13529
13530
13534
13535
13536
13538
13540
13542
13543
13544
13545
13546
13550
13552
13553
13555
13556
13558
13559
13560
13561
13562
13563
13565
13566
13569
13570
13571
13572
13574
13575
13577
13580
13581
13582
13583
13585
13586
13587
13588
13589
13590
13591
13592
13593
13594
13595
13596
13597
13598
13599
13604
13606
13607
13609
13610
13612
13613
13614
13615
13618
13621
13623
13630
13631
13632
13633
13634
13635
13636
13640
13641
13642
13646
13647
13648
13649
13650
13653
13654
13656
13657
13667
13668
13671
13672
13673
13674
13675
13676
13678
13679
13680
13681
13682
13683
13684
13685
13687
13688
13689
13690
13691
13692
13694
13695
13696
13697
13698
13702
13703
13704
13705
13706
13707
13709
13710
13711
13712
13713
13716
13720
13721
13725
13726
13728
13729
13730
13731
13732
13733
13735
13736
13737
13739
13740
13741
13742
13744
13748
13749
13750
13753
13754
13756
13757
13759
13760
13761
13762
13764
13766
13767
13768
13772
13773
13776
13777
13779
13782
13783
13784
13786
13787
13788
13799
13800
13802
13803
13804
13807
13810
13812
13815
13816
13819
13821
13823
13824
13825
13827
13830
13831
13832
13833
13834
13835
13836
13838
13841
13842
13843
13844
13845
13846
13847
13849
13850
13851
13853
13854
13855
13857
13859
13863
13864
13868
13873
13874
13875
13881
13882
13883
13884
13885
13887
13888
13891
13892
13894
13896
13897
13899
13900
13901
13903
13904
13917
13933
13934
13938
13939
13941
13942
13943
13944
13945
13946
13947
13948
13951
13952
13953
13954
13955
13956
13962
13964
13965
13966
13967
13968
13969
13971
13972
13975
13977
13978
13979
13981
13982
13986
13987
13988
13989
13991
13992
13993
13994
13996
13997
13998
13999
14000
14001
14002
14005
14006
14008
14010
14011
14012
14015
14019
14020
14021
14022
14027
14030
14034
14035
14038
14040
14043
14044
14045
14047
14048
14051
14055
14056
14057
14058
14061
14062
14066
14067
14068
14069
14073
14075
14078
14079
14090
14093
14095
14096
14097
14099
14101
14102
14103
14104
14105
14106
14107
14108
14109
14110
14111
14112
14114
14116
14118
14120
14121
14124
14125
14126
14127
14128
14129
14132
14135
14136
14138
14139
14140
14144
14145
14147
14148
14149
14150
14159
14160
14164
14165
14166
14167
14168
14169
14170
14171
14172
14173
14175
14176
14177
14179
14182
14183
14184
14187
14188
14191
14192
14195
14196
14199
14204
14205
14207
14208
14215
14217
14220
14221
14230
14235
14236
14237
14242
14244
14245
14246
14247
14249
14250
14251
14252
14254
14255
14256
14257
14258
14259
14261
14262
14263
14264
14265
14266
14267
14268
14270
14273
14277
14278
14279
14280
14282
14283
14284
14285
14286
14287
14288
14291
14292
14294
14295
14296
14297
14298
14300
14301
14302
14303
14304
14308
14309
14310
14311
14312
14313
14314
14315
14316
14318
14320
14321
14327
14328
14329
14333
14334
14335
14336
14340
14341
14342
14344
14345
14347
14348
14350
14352
14355
14356
14359
14404
14407
14408
14409
14410
14411
14412
14413
14416
14422
14423
14424
14427
14448
14450
14451
14453
14454
14459
14460
14461
14462
14463
14464
14465
14466
14467
14468
14469
14470
14471
14472
14473
14474
14478
14479
14481
14482
14484
14485
14486
14487
14488
14490
14491
14492
14493
14495
14497
14498
14501
14503
14506
14507
14508
14510
14514
14515
14516
14520
14521
14523
14524
14527
14528
14529
14530
14532
14533
14543
14546
14548
14552
14553
14554
14555
14557
14558
14559
14560
14561
14563
14565
14568
14569
14570
14571
14572
14573
14574
14575
14577
14578
14579
14664
14666
14735
14736
14737
14739
14740
14743
14748
14756
14757
14760
14762
14804
14805
14808
14809
14810
14853
14854
14855
14857
14862
14864
14867
14869
14872
14873
14877
14878
14879
14880
14881
14882
14884
14885
14886
14890
14891
14893
14900
14904
14907
14908
15022
15023
15024
15026
15048
15052
15053
15054
15055
15056
15058
15076
15077
15078
15079
15081
15082
15083
15084
15085
15086
15087
15089
15090
15091
15092
15093
15095
15097
15098
15099
15100
15102
15103
15107
15256
15258
15259
15261
15263
15264
15265
15266
15340
15341
15342
15343
15344
15345
15348
15350
15353
15354
15358
15360
15361
15362
15363
15364
15365
15366
15368
15369
15370
15371
15373
15374
15375
15376
15378
15379
15380
15381
15382
15383
15385
15387
15389
15390
15392
15393
15398
15399
15402
15404
15405
15409
15410
15411
15412
15413
15415
15417
15420
15421
15422
15425
15427
15428
15429
15430
15431
15432
15433
15435
15439
15441
15442
15443
15445
15446
15448
15449
15452
15453
15454
15458
15460
15463
15465
15466
15467
15468
15469
15470
15471
15472
15473
15476
15477
15478
15479
15481
15482
15488
15489
15490
15492
15493
15494
15497
15498
15499
15500
15502
15503
15504
15507
15508
15509
15510
15511
15512
15513
15514
15515
15518
15520
15521
15523
15524
15525
15528
15533
21863
21865
21866
21867
21871
21872
21874
21876
21879
21880
21881
21883
21886
21887
21888
21889
21890
21893
21894
21895
21896
21898
21899
21900
21901
21903
21911
21912
21914
21915
21916
21918
21919
21920
21922
21923
21924
21928
21929
21932
21934
21935
21936
21938
21939
21943
21945
21946
21949
21950
21951
21953
21954
21955
21956
21957
21958
21959
21960
21961
21962
21963
21964
21967
21969
21970
21971
21972
21973
21978
21979
21981
21983
21984
21986
21989
21992
21993
21994
21995
21996
21997
21998
22003
22008
22009
22010
22011
22012
22014
22015
22016
22020
22021
22022
22023
22027
22028
22029
22036
22037
22039
22041
22042
22043
22044
22045
22047
22048
22050
22051
22052
22053
22054
22057
22058
22060
22061
22064
22067
22068
22069
22070
22071
22072
22073
22074
22075
22077
22083
22084
22085
22086
22087
22088
22089
22090
22091
22092
22093
22094
22097
22100
22101
22102
22104
22106
22107
22108
22109
22110
22113
22114
22115
22116
22117
22118
22119
22120
22121
22124
22125
22127
22128
22129
22130
22131
22133
22135
22136
22137
22138
22139
22140
22142
22143
22147
22151
22152
22153
22154
22155
22158
22160
22161
22162
22163
22164
22165
22166
22167
22173
22174
22175
22176
22180
22181
22182
22183
22184
22185
22186
22187
22188
22189
22194
22195
22197
22199
22201
22202
22206
22207
22208
22210
22211
22214
22215
22216
22217
22218
22221
22222
22225
22226
22227
22228
22229
22231
22232
22233
22234
22235
22236
22237
22239
22240
22241
22244
22245
22246
22247
22248
22249
22250
22251
22252
22253
22257
22259
22260
22261
22264
22272
22273
22274
22275
22277
22278
22279
22280
22281
22282
22284
22288
22289
22291
22294
22295
22296
22297
22298
22299
22300
22302
22303
22304
22308
22310
22311
22312
22315
22318
22320
22322
22323
22326
22329
22330
22331
22332
22333
22334
22339
22340
22342
22343
22344
22349
22350
22351
22352
22353
22354
22355
22357
22358
22360
22361
22362
22363
22364
22367
22369
22372
22373
22374
22375
22378
22379
22380
22382
22383
22384
22385
22387
22388
22389
22390
22391
22392
22393
22398
22401
22403
22405
22406
22410
22412
22413
22414
22416
22420
22421
22422
22425
22426
22427
22428
22429
22430
22431
22432
22435
22437
22438
22439
22442
22443
22444
22445
22446
22447
22448
22449
22450
22451
22454
22455
22456
22457
22458
22461
22466
22468
22469
22471
22472
22473
22475
22476
22479
22480
22481
22482
22483
22484
22485
22486
22487
22488
22489
22490
22491
22492
22498
22499
22500
22502
22503
22504
22505
22506
22508
22511
22512
22513
22514
22515
22516
22519
22521
22522
22523
22526
22527
22528
22529
22530
22541
22544
22545
22546
22549
22551
22552
22553
22557
22558
22561
22564
22565
22566
22567
22568
22569
22571
22574
22575
22577
22578
22580
22581
22582
22584
22587
22591
22592
22593
22594
22596
22598
22601
22604
22605
22606
22609
22610
22613
22614
22616
22619
22620
22623
22624
22630
22631
22632
22664
22665
22667
22672
22673
22681
22821
22860
22863
22870
22871
22872
22879
22882
22883
22884
22886
22888
22889
22892
22893
22895
22896
22898
22902
22905
22907
22908
22911
22912
22913
22915
22918
22919
22920
22923
22924
22930
22931
22932
22933
22937
22938
22939
22941
22948
22949
22950
22954
22955
22956
22957
22958
22959
22963
22966
22968
22969
22971
22976
22978
22981
22984
22985
22994
22996
22998
23000
23004
23005
23013
23015
23149
23154
23155
23156
23159
23163
23164
23165
23168
23170
23171
23173
23175
23176
23182
23183
23184
23187
23188
23196
23197
23199
23200
23201
23202
23204
23205
23208
23210
23211
23214
23215
23223
23224
23225
23226
23228
23230
23232
23239
23240
23242
23243
23245
23250
23251
23252
23255
23258
23259
23266
23267
23268
23270
23273
23274
23324
23335
23336
23337
23340
23343
23344
23350
23352
23353
23358
23359
23361
23365
23366
23367
23369
23371
23374
23376
23380
23383
23384
23427
23431
23432
23433
23434
23439
23440
23446
23447
23448
23449
23450
23452
23453
23463
23467
23500
23501
23502
23507
23508
23511
23527
23528
23530
23531
23532
23534
23535
23536
23537
23539
23540
23541
23542
23545
23548
23549
23552
23553
23573
23576
23577
23579
23580
23581
23583
23586
23587
23589
23590
23594
23597
23598
23605
23609
23611
23612
23613
23617
23619
23620
23623
23624
23625
23627
23630
23633
23642
23644
23651
23653
23654
23655
23657
23658
23659
23660
23662
23665
23667
23829
23833
23869
23872
23873
23874
23876
23877
23881
23883
23884
23885
23889
23893
23894
23897
23900
23902
23903
23904
24039
24040
24044
24046
24048
24051
24052
24054
24058
24061
24062
24063
24067
24069
24072
24073
24104
24107
24111
24113
24115
24116
24117
24119
24122
24124
24126
24128
24131
24132
24135
24137
24139
24143
24144
24146
24147
24151
24152
24155
24156
24157
24158
24162
24165
24167
24169
24171
24172
24173
24175
24184
24186
24189
24190
24195
24196
24198
24199
24201
24216
24242
24243
24244
24245
24246
24247
24248
24251
24252
24253
24254
24255
24345
24346
24347
24350
24351
24354
24359
24360
24361
24368
24369
24370
24371
24372
24373
24376
24377
24378
24382
24383
24385
24387
24388
24389
24392
24393
24396
24397
24398
24400
24402
24403
24404
24405
24406
24408
24409
24410
24411
24412
24413
24414
24416
24417
24419
24422
24424
24425
24427
24428
24429
24430
24432
24433
24434
24435
24436
24439
24440
24441
24442
24446
24447
24448
24449
24450
24451
24452
24453
24454
24455
24456
24457
24458
24460
24461
24462
24464
24465
24466
24468
24469
24470
24471
24472
24475
24476
24477
24478
24481
24484
24485
24486
24490
24492
24493
24495
24498
24499
24500
24501
24502
24503
24504
24505
24506
24507
24508
24509
24514
24515
24522
24523
24525
24528
24529
24533
24535
24536
24538
24539
24540
24541
24542
24546
24547
24548
24549
24550
24551
24552
24556
24558
24559
24560
24561
24564
24565
24566
24567
24568
24571
24572
24573
24574
24575
24576
24577
24578
24581
24582
24583
24584
24585
24586
24587
24588
24590
24591
24592
24593
24594
24595
24596
24597
24601
24602
24603
24604
24605
24606
24608
24610
24611
24612
24613
24617
24618
24621
24622
24623
24624
24625
24626
24628
24631
24632
24636
24637
24638
24639
24640
24641
24642
24645
24646
24647
24652
24653
24656
24658
24659
24661
24662
24663
24664
24667
24669
24670
24673
24675
24678
24679
24682
24683
24686
24687
24690
24691
24692
24695
24696
24697
24702
24703
24704
24705
24706
24707
24709
24710
24711
24713
24715
24716
24717
24718
24720
24721
24722
24723
24724
24725
24726
24727
24728
24729
24730
24731
24732
24733
24734
24735
24736
24737
24738
24739
24740
24741
24742
24743
24744
24745
24746
24747
24748
24749
24750
24751
24752
24753
24754
24755
24757
24758
24759
24760
24761
24763
24764
24765
24766
24767
24769
24798
24799
24802
24803
24806
24809
24810
24811
24812
24813
24814
24816
24817
24818
24821
24822
24824
24826
24827
24828
24829
24831
24832
24833
24834
24835
24836
24838
24839
24843
24845
24846
24849
24852
24853
24854
24855
24856
24857
24858
24859
24860
24861
24862
24865
24867
24868
24869
24871
24872
24873
24875
24876
24877
24879
24880
24882
24883
24886
24887
24888
24890
24891
24896
24903
24904
24905
24906
24907
24908
24909
24910
24911
24912
24913
24915
24916
24917
24918
24919
24920
24921
24922
24924
24925
24926
24927
24928
24930
24931
24932
24933
24934
24935
24937
24938
24942
24943
24946
24947
24948
24950
24952
24953
24956
24959
24960
24961
24962
24963
24964
24970
24973
24974
24978
24979
24981
24982
24983
24987
24988
24992
24993
24994
24998
24999
25000
25001
25002
25004
25005
25008
25009
25011
25012
25016
25017
25018
25021
25022
25023
25024
25025
25029
25030
25036
25037
25038
25041
25042
25043
25050
25054
25055
25057
25058
25060
25062
25063
25065
25066
25067
25068
25069
25070
25071
25072
25073
25077
25080
25088
25089
25090
25091
25092
25093
25096
25097
25100
25105
25106
25107
25108
25111
25112
25113
25114
25117
25118
25119
25120
25121
25122
25124
25125
25128
25129
25130
25134
25135
25138
25139
25140
25141
25142
25145
25147
25149
25150
25151
25152
25153
25154
25155
25156
25157
25158
25159
25161
25162
25163
25164
25165
25168
25169
25170
25177
25180
25181
25187
25188
25189
25190
25191
25192
25193
25202
25207
25209
25210
25211
25212
25214
25215
25216
25217
25218
25219
25220
25222
25224
25226
25227
25230
25231
25232
25233
25234
25236
25237
25238
25239
25242
25243
25244
25245
25251
25253
25257
25261
25262
25265
25266
25267
25268
25269
25271
25272
25273
25274
25275
25276
25280
25281
25282
25287
25288
25289
25290
25291
25292
25299
25300
25305
25306
25307
25309
25312
25316
25320
25321
25327
25328
25330
25331
25338
25339
25345
25346
25348
25349
25350
25351
25354
25356
25358
25359
25360
25361
25364
25365
25366
25372
25373
25374
25375
25376
25377
25378
25379
25380
25381
25385
25386
25388
25470
25471
25474
25475
25477
25479
25482
25486
25487
25489
25491
25492
25498
25501
25504
25505
25506
25507
25508
25509
25513
25514
25517
25518
25519
25522
25524
25531
25532
25536
25565
25568
25569
25570
25572
25573
25574
25579
25580
25581
25584
25586
25587
25592
25593
25619
25620
25621
25622
25624
25625
25626
25628
25717
25718
25719
25720
25721
25722
25724
25726
25727
25728
25729
25745
25746
25747
25748
25749
25750
25752
25753
25754
25755
25758
25763
25765
25769
25770
25771
25773
25774
25776
25778
25779
25780
25784
25785
25787
25789
25792
25794
25795
25796
25797
25799
25800
25807
25808
25810
25830
25832
25835
25836
25860
25864
25867
25871
25876
25877
25878
25881
25887
25998
26002
26004
26005
26006
26009
26011
26013
26014
26015
26017
26018
26019
26025
26028
26029
26030
26031
26032
26036
26037
26038
26039
26049
26053
26054
26057
26058
26059
26060
26061
26062
26067
26068
26069
26070
26074
26075
26076
26077
26078
26079
26080
26082
26086
26087
26092
26093
26095
26096
26099
26100
26110
26114
26194
26195
26196
26198
26199
26207
26210
26214
26215
26225
26234
26235
26236
26237
26238
26241
26243
26244
26246
26247
26251
26252
26253
26254
26256
26259
26262
26266
26267
26268
26269
26272
26273
26274
26284
26304
26307
26308
26309
26311
26329
26331
26332
26337
26343
26345
26346
26354
26356
26362
26363
26365
26370
26372
26377
26378
26379
26381
26382
26384
26385
26386
26387
26388
26389
26390
26391
26392
26393
26396
26397
26398
26402
26404
26405
26406
26408
26409
26410
26411
26412
26415
26416
26419
26420
26421
26423
26425
26426
26427
26428
26429
26431
26432
26433
26434
26435
26436
26437
26439
26440
26441
26442
26443
26444
26447
26448
26449
26450
26451
26453
26454
26455
26456
26459
26461
26462
26464
26465
26466
26467
26469
26470
26475
26477
26478
26480
26481
26485
26486
26487
26489
26490
26491
26492
26496
26497
26501
26503
26504
26506
26507
26510
26511
26512
26513
26514
26515
26516
26517
26518
26519
26520
26521
26522
26523
26526
26528
26529
26530
26531
26532
26533
26534
26535
26536
26538
26540
26544
26545
26546
26548
26551
26553
26554
26555
26557
26560
26561
31177
31178
31179
31182
31184
31185
31186
31188
31190
31193
31194
31197
31198
31201
31202
31205
31206
31207
31210
31211
31212
31217
31218
31219
31220
31221
31222
31224
31225
31226
31228
31230
31231
31232
31233
31235
31236
31237
31238
31239
31240
31241
31242
31243
31244
31245
31246
31247
31248
31249
31250
31251
31252
31253
31254
31255
31256
31257
31258
31259
31260
31261
31262
31263
31264
31265
31266
31267
31268
31269
31270
31272
31273
31274
31275
31276
31278
31279
31280
31281
31282
31284
31286
31287
31288
31299
31300
31303
31304
31305
31311
31312
31313
31315
31316
31318
31319
31323
31324
31326
31327
31329
31330
31331
31332
31333
31336
31338
31339
31341
31343
31344
31350
31351
31352
31354
31355
31356
31357
31358
31361
31363
31364
31366
31367
31370
31375
31376
31377
31379
31381
31383
31384
31385
31386
31388
31389
31390
31391
31396
31397
31398
31399
31401
31402
31406
31407
31409
31414
31415
31417
31421
31423
31425
31431
31432
31433
31435
31436
31437
31438
31442
31443
31445
31446
31450
31451
31452
31453
31454
31455
31459
31460
31463
31466
31471
31473
31477
31484
31486
31488
31490
31491
31493
31494
31498
31499
31500
31501
31502
31503
31504
31505
31509
31511
31512
31513
31514
31515
31516
31519
31520
31522
31523
31524
31525
31527
31528
31529
31530
31531
31532
31533
31537
31538
31539
31540
31544
31545
31548
31549
31550
31553
31554
31556
31557
31565
31566
31570
31574
31575
31576
31577
31578
31579
31580
31583
31584
31585
31589
31591
31592
31593
31595
31597
31598
31599
31602
31603
31604
31605
31606
31610
31611
31612
31614
31616
31617
31618
31619
31620
31622
31623
31624
31625
31626
31627
31628
31630
31631
31632
31633
31634
31635
31638
31639
31640
31641
31642
31644
31645
31646
31647
31648
31650
31653
31655
31656
31658
31660
31661
31662
31663
31668
31670
31671
31673
31674
31678
31679
31680
31684
31685
31686
31687
31688
31689
31690
31694
31695
31699
31701
31702
31704
31705
31708
31709
31710
31711
31712
31713
31714
31715
31716
31717
31718
31719
31720
31721
31722
31723
31725
31726
31727
31728
31731
31732
31733
31736
31738
31739
31742
31744
31747
31748
31751
31752
31755
31756
31759
31760
31761
31764
31765
31766
31771
31772
31773
31774
31775
31776
31778
31779
31780
31782
31784
31785
31786
31787
31789
31790
31791
31792
31793
31794
31795
31796
31797
31798
31799
31800
31801
31802
31803
31804
31805
31806
31807
31808
31809
31810
31811
31812
31813
31814
31815
31816
31817
31818
31819
31820
31821
31822
31823
31824
31826
31827
31828
31829
31830
31832
31833
31834
31835
31836
31841
31842
31843
31845
31846
31847
31848
31849
31852
31855
31857
31858
31859
31861
31862
31864
31865
31866
31867
31868
31871
31872
31873
31874
31879
31880
31882
31883
31884
31887
31888
31892
31893
31898
31899
31902
31903
31907
31908
31909
31910
31911
31912
31913
31914
31915
31916
31917
31918
31919
31922
31924
31925
31926
31928
31929
31931
31932
31936
31937
31941
31942
31943
31944
31945
31946
31947
31948
31949
31952
31956
31957
31958
31959
31962
31963
31964
31965
31966
31967
31968
31970
31971
31973
31974
31979
31983
31986
31987
31988
31989
31993
31997
31998
32000
32001
32004
32005
32006
32007
32008
32014
32015
32020
32021
32022
32023
32027
32034
32035
32036
32038
32039
32041
32042
32043
32044
32049
32050
32051
32052
32053
32054
32057
32313
32314
32315
32316
32317
32320
32321
32322
32323
32325
32328
32330
32331
32332
32333
32334
32335
32336
32337
32338
32339
32341
32342
32343
32345
32347
32349
32350
32351
32353
32354
32355
32356
32357
32360
32370
32371
32372
32373
32374
32377
32378
32380
32381
32383
32384
32385
32386
32388
32389
32390
32391
32393
32394
32395
32396
32397
32398
32401
32402
32403
32405
32406
32407
32408
32409
32411
32412
32416
32418
32420
32421
32422
32424
32430
32436
32442
32444
32445
32447
32448
32449
32450
32451
32452
32453
32454
32455
32457
32458
32459
32460
32463
32464
32466
32469
32470
32471
32472
32473
32474
32475
32476
32477
32478
32479
32480
32483
32484
32485
32486
32487
32488
32489
32490
32491
32494
32495
32496
32498
32499
32503
32504
32505
32507
32509
32510
32511
32513
32515
32516
32518
32519
32520
32521
32522
32523
32524
32526
32528
32529
32530
32531
32537
32538
32539
32540
32542
32543
32546
32551
32553
32554
32555
32558
32561
32564
32565
32566
32567
32568
32571
32572
32573
32574
32575
32576
32577
32580
32586
32590
32591
32592
32600
32601
32603
32606
32607
32608
32609
32611
32615
32616
32624
32625
32626
32638
32639
32641
32642
32645
32646
32647
32648
32649
32650
32652
32654
32661
32662
32663
32664
32665
32669
32670
32671
32673
32674
32675
32676
32678
32679
32680
32683
32684
32685
32686
32687
32688
32689
32692
32694
32696
32698
32699
32700
32701
32702
32703
32704
32705
32706
32707
32708
32709
32711
32712
32713
32714
32715
32717
32718
32719
32721
32722
32723
32725
32727
32728
32729
32730
32731
32732
32735
32738
32739
32740
32741
32742
32743
32746
32747
32748
32750
32751
32755
32758
32759
32761
32762
32763
32764
32765
32766
32767
32768
32769
32770
32771
32774
32775
32778
32779
32781
32783
32784
32786
32787
32788
32789
32790
32791
32792
32796
32800
32806
32807
32810
32811
32815
32816
32817
32818
32821
32823
32825
32828
32829
32834
32835
32836
32837
32838
32839
32840
32841
32845
32846
32847
32848
32849
32850
32851
32852
32855
32856
32857
32859
32861
32864
32865
32866
32867
32868
32870
32871
32872
32873
32874
32875
32876
32877
32878
32879
32880
32881
32882
32883
32884
32885
32886
32887
32889
32892
32893
32894
32895
32896
32897
32898
32899
32900
32901
32903
32904
32906
32907
32909
32911
32912
32913
32914
32915
32916
32918
32919
32920
32921
32923
32924
32925
32926
32927
32928
32929
32930
32932
32933
32935
32936
32937
32938
32939
32940
32941
32942
32943
32944
32946
32947
32948
32949
32950
32951
32952
32954
32955
32956
32958
32959
32960
32961
32962
32963
32964
32966
32968
32969
32970
32971
32972
32973
32974
32975
32976
32977
32978
32979
32980
32981
32984
32985
32987
32988
32989
32990
32991
32992
32998
32999
33000
33001
33003
33004
33005
33006
33010
33012
33015
33016
33017
33018
33019
33020
33021
33022
33023
33024
33025
33027
33028
33029
33030
33031
33032
33033
33034
33035
33036
33037
33038
33041
33042
33043
33044
33045
33047
33050
33051
33052
33053
33054
33055
33056
33057
33058
33059
33060
33061
33064
33069
33070
33073
33074
33075
33076
33077
33084
33085
33086
33088
33090
33094
33095
33101
33102
33104
33110
33112
33116
33117
33119
33121
33122
33127
33128
33134
33135
33136
33137
33138
33140
33145
33146
33149
33150
33154
33155
33156
33157
33158
33159
33160
33162
33164
33168
33169
33170
33172
33174
33176
33178
33179
33180
33182
33186
33187
33188
33189
33196
33197
33198
33199
33201
33205
33209
33211
33213
33214
33217
33218
33219
33221
33222
33223
33224
33225
33226
33227
33228
33229
33230
33232
33233
33234
33235
33236
33237
33238
33240
33242
33244
33245
33248
33249
33250
33251
33252
33254
33255
33257
33258
33259
33260
33261
33262
33266
33267
33268
33269
33270
33271
33273
33274
33275
33277
42771
42773
42776
42777
42778
42779
42780
42782
42785
42787
42790
42800
42801
42802
42803
42804
42806
42807
42808
42809
42810
42812
42814
42815
42816
42817
42818
42819
42820
42824
42825
42826
42827
42828
42831
42833
42834
42836
42837
42839
42841
42842
42843
42844
42845
42847
42849
42852
42853
42855
42856
42858
42866
42867
42869
42893
42896
42897
42898
42913
42914
42915
42917
42935
42936
42942
42945
42949
42951
42952
42953
42955
42956
42957
42958
42960
42961
42963
42977
42979
42980
42981
42982
42984
42987
42993
42994
42997
42998
42999
43000
43001
43022
43023
43024
43025
43029
43030
43031
43032
43034
43035
43036
43037
43038
43039
43040
43041
43042
43043
43044
43051
43053
43054
43055
43056
43060
43062
43063
43067
43069
43070
43077
43078
43079
43080
43081
43082
43086
43088
43089
43091
43093
43094
43095
43097
43098
43105
43106
43107
43108
43116
43118
43121
43123
43125
43128
43129
43130
43131
43132
43133
43134
43149
43150
43151
43152
43154
43155
43158
43159
43160
43161
43163
43164
43169
43172
43173
44885
44886
51567
51568
51569
51570
51571
51573
51574
51575
51576
51580
51583
51584
51585
51587
51596
51597
51599
51600
51601
51602
51603
51604
51607
51608
51612
51625
51627
51628
51629
51630
51633
51634
51636
51638
51639
51642
51645
51648
51653
51655
51660
51661
51662
51663
51665
51667
51668
51669
51670
51671
51672
51676
51677
51678
51679
51683
51684
51685
51687
51688
51691
51692
51694
51695
51696
51697
51698
51710
51712
51713
51714
51716
51718
51720
51721
51723
51725
51726
51727
51728
51730
51731
51733
51735
51737
51738
51739
51741
51747
51748
51750
51751
51752
51753
51756
51759
51766
51767
51768
51772
51773
51784
51813
51815
51817
51872
51873
51877
51880
51896
51899
51903
51905
51912
51913
51917
51930
51931
51934
51935
51938
51940
51942
51946
51950
51954
51961
51966
51973
51977
51981
51982
51983
51985
51986
51988
51990
51992
51994
51995
51996
51999
52019
52020
52021
52022
52023
52025
52026
52038
52129
52130
52132
52133
52135
52143
52149
52153
52154
52156
52164
52175
52179
52180
52182
52186
52192
52193
52196
52198
52202
52203
52208
52211
52214
52218
52223
52226
52227
52228
52229
52231
52235
52239
52242
52246
52249
52250
52252
52253
52333
52336
52338
52340
52347
52353
52354
52360
52361
52362
52364
52366
52368
52371
52378
52380
52381
52382
52383
52388
52390
52392
52397
52398
52402
52407
52409
52415
52418
52423
52427
52430
52434
52437
52438
52440
52442
52447
52449
52450
52452
52465
52482
52487
52490
52491
52492
52494
52496
52497
52498
52499
52500
52501
52504
52505
52507
52508
52510
52511
52512
52514
52522
52525
52528
52529
52530
52531
52532
52534
52536
52537
52540
52542
52543
52544
52545
52547
52553
52554
52558
52560
52561
52563
52565
52572
52574
52575
52577
52585
52587
52602
52603
52607
52608
52609
52610
52611
52613
52617
52618
52621
52622
52623
52625
52627
52628
52629
52631
52633
52635
52636
52638
52641
52642
52644
52645
52647
52648
52649
52650
52652
52654
52655
52656
52657
52658
52659
52661
52662
52663
52664
52665
52667
52668
52669
52671
52677
52679
52681
52683
52686
52690
52691
52692
52693
52694
52696
52698
52700
52701
52702
52703
52704
52706
52707
52708
52710
52712
52714
52715
52717
52719
52725
52731
52735
52736
52737
52738
52740
52741
52742
52743
52744
52745
52746
52747
52749
52750
52751
52753
52755
52758
52759
52760
52764
52765
52766
52770
52771
52774
52775
52777
52778
52779
52783
52786
52787
52788
52789
52792
52796
52797
52798
52800
52801
52806
52807
52808
52809
52812
52815
52816
52817
52820
52821
52822
52823
52831
52833
52839
52840
52841
52848
52849
52851
52852
52853
52857
52858
52859
52863
52864
52865
52866
52869
52871
52872
52897
52898
52901
52902
52905
52906
52962
52964
52967
52969
52971
52973
52974
52977
52980
52982
52983
52984
52985
52986
52989
52992
52993
52994
52995
52996
53000
53001
53002
53003
53004
53006
53010
53011
53013
53016
53017
53020
53021
53022
53024
53025
53026
53028
53029
53031
53032
53036
53037
53104
