9,8295,2644,2776297,2644,293676910474989,20628,72,44400,42.278919,-83.753563,217.60001,5.46,106.775,0.89999998,20.01,0.0,-29.440001,4.0,-12.9,35
9,8295,2644,2776297,2644,293676910575003,20628,73,44500,42.278919,-83.753563,217.60001,5.02,103.55,0.23999999,20.01,0.0,-30.280001,4.0,13.1,39
9,8295,2644,2776297,2644,293676910675327,20628,74,44600,42.278919,-83.753548,217.60001,5.2800002,100.0,0.34,20.01,0.0,-31.73,4.0,13.5,38
9,8295,2644,2776297,2644,293676910775029,20628,75,44700,42.278919,-83.75354,217.60001,5.3600001,99.237503,0.46000001,20.01,0.0,-27.74,4.0,13.8,51
9,8295,2644,2776297,2644,293676910874975,20628,76,44800,42.278919,-83.753532,217.60001,5.5,96.474998,0.63999999,20.01,0.0,-25.74,4.0,14.1,30
9,8295,2644,2776297,2644,293676910975027,20628,77,44900,42.278919,-83.753517,217.60001,5.54,92.5625,0.64999998,20.01,0.0,-27.360001,5.0,14.3,32
9,8295,2644,2776297,2644,293676911075024,20628,78,45000,42.278919,-83.753517,217.60001,5.6599998,90.025002,0.75999999,20.01,0.0,-27.77,5.0,14.4,38
9,8295,2644,2776297,2644,293676911175076,20628,79,45100,42.278919,-83.75351,217.5,5.6399999,86.925003,0.64999998,20.01,-0.02,-28.610001,5.0,14.5,74
9,8295,2644,2776297,2644,293676911275065,20628,80,45200,42.278919,-83.753502,217.60001,5.7199998,84.949997,0.63999999,20.01,0.0,-27.280001,5.0,14.6,70
9,8295,2644,2776297,2644,293676911375381,20628,81,45300,42.278919,-83.753487,217.5,5.8800001,83.25,0.75,20.01,0.0,-24.639999,5.0,14.5,37
9,8295,2644,2776297,2644,293676911475000,20628,82,45400,42.278919,-83.753487,217.5,5.9400001,81.400002,0.77999997,20.01,-0.02,-22.110001,5.0,14.4,24
9,8295,2644,2776297,2644,293676911575045,20628,83,45500,42.278919,-83.753487,217.5,6.0599999,80.137497,0.85000002,20.01,0.0,-19.030001,5.0,14.1,12
9,8295,2644,2776297,2644,293676911675059,20628,84,45600,42.278931,-83.753479,217.5,6.04,78.875,0.72000003,20.01,0.0,-16.25,5.0,13.7,2
9,8295,2644,2776297,2644,293676911774986,20628,85,45700,42.278931,-83.753471,217.5,6.2800002,78.25,0.93000001,20.01,0.0,-12.91,5.0,13.1,0
9,8295,2644,2776297,2644,293676911874985,20628,86,45800,42.278931,-83.753464,217.5,6.3600001,77.0,0.98000002,20.01,0.0,-11.2,5.0,-13.3,0
9,8295,2644,2776297,2644,293676911974983,20628,87,45900,42.278931,-83.753464,217.5,6.4000001,76.962502,0.91000003,20.01,0.0,-8.2299995,5.0,-14.4,0
9,8295,2644,2776297,2644,293676912074997,20628,88,46000,42.278931,-83.753448,217.5,6.6199999,75.612503,1.0700001,20.01,0.0,-7.79,5.0,-15.8,2
9,8295,2644,2776297,2644,293676912175071,20628,89,46100,42.278931,-83.753441,217.5,6.5999999,76.599998,0.94999999,20.01,0.0,-4.1300001,5.0,-17.799999,2
9,8295,2644,2776297,2644,293676912275350,20628,90,46200,42.278931,-83.753433,217.5,6.8000002,75.462502,1.05,20.01,0.0,-3.73,5.0,-20.299999,9
9,8295,2644,2776297,2644,293676912375076,20628,91,46300,42.278931,-83.753433,217.5,6.8800001,75.849998,1.05,20.01,0.0,-2.04,6.0,-23.799999,14
9,8295,2644,2776297,2644,293676912475040,20628,92,46400,42.278938,-83.75341,217.5,7.0,75.650002,1.08,20.01,0.0,-1.21,6.0,-28.6,20
9,8295,2644,2776297,2644,293676912575036,20628,93,46500,42.278938,-83.753403,217.5,6.98,75.275002,0.88999999,20.01,0.0,-1.29,6.0,-35.400002,30
9,8295,2644,2776297,2644,293676912674997,20628,94,46600,42.278938,-83.753403,217.5,7.2199998,75.650002,1.0700001,20.01,0.0,-0.34999999,6.0,-45.700001,34
9,8295,2644,2776297,2644,293676912774994,20628,95,46700,42.278938,-83.753387,217.5,7.2600002,75.212502,1.02,20.01,0.0,-0.66000003,6.0,-62.0,42
9,8295,2644,2776297,2644,293676912875067,20628,96,46800,42.27895,-83.75338,217.5,7.4000001,75.75,1.0700001,20.01,0.0,0.36000001,6.0,-91.5,44
9,8295,2644,2776297,2644,293676912975036,20628,97,46900,42.27895,-83.753372,217.5,7.4200001,74.787498,0.94,20.01,0.0,-1.08,6.0,-153.89999,98
9,8295,2644,2776297,2644,293676913075043,20628,98,47000,42.27895,-83.753357,217.5,7.5999999,74.912498,1.03,20.01,0.0,-1.34,6.0,-353.20001,54
9,8295,2644,2776297,2644,293676913175042,20628,99,47100,42.27895,-83.753349,217.5,7.5999999,74.887497,0.92000002,20.01,0.0,-1.26,6.0,3276.7,48
9,8295,2644,2776297,2644,293676913275061,20628,100,47200,42.27895,-83.753342,217.5,7.7600002,75.287498,0.97000003,20.01,0.0,-0.19,6.0,413.0,89
9,8295,2644,2776297,2644,293676913375030,20628,101,47300,42.27895,-83.753326,217.5,7.8400002,74.900002,0.97000003,20.01,0.0,-0.38999999,6.0,240.0,93
9,8295,2644,2776297,2644,293676913475038,20628,102,47400,42.278961,-83.753326,217.5,7.9000001,75.400002,0.91000003,20.01,0.0,0.57999998,6.0,183.0,50
9,8295,2644,2776297,2644,293676913575063,20628,103,47500,42.278961,-83.753319,217.5,8.0200005,74.662498,0.92000002,20.01,0.0,-0.49000001,6.0,159.3,77
9,8295,2644,2776297,2644,293676913675012,20628,104,47600,42.278961,-83.753304,217.5,8.0200005,74.650002,0.77999997,20.01,0.0,-0.95999998,6.0,150.60001,84
9,8295,2644,2776297,2644,293676913775099,20628,105,47700,42.278961,-83.753304,217.5,8.2600002,75.099998,0.98000002,20.01,0.0,-0.11,6.0,149.5,97
9,8295,2644,2776297,2644,293676913875064,20628,106,47800,42.278961,-83.753288,217.5,8.1800003,74.3125,0.79000002,20.01,0.0,-1.21,6.0,155.89999,68
9,8295,2644,2776297,2644,293676913975027,20628,107,47900,42.278961,-83.753273,217.5,8.5,75.462502,1.0700001,20.01,0.0,0.72000003,6.0,166.0,67
9,8295,2644,2776297,2644,293676914075034,20628,108,48000,42.278969,-83.753273,217.5,8.3599997,74.099998,0.80000001,20.01,0.0,-1.13,6.0,184.5,86
9,8295,2644,2776297,2644,293676914175030,20628,109,48100,42.278969,-83.753258,217.5,8.5600004,74.5,0.89999998,20.01,0.0,-1.04,6.0,213.60001,68
9,8295,2644,2776297,2644,293676914274934,20628,110,48200,42.278969,-83.75325,217.5,8.6599998,74.387497,0.89999998,20.01,0.0,-1.04,6.0,259.39999,66
9,8295,2644,2776297,2644,293676914375056,20628,111,48300,42.27898,-83.753227,217.5,8.6400003,74.625,0.89999998,20.01,0.0,-0.54000002,6.0,330.70001,91
9,8295,2644,2776297,2644,293676914475003,20628,112,48400,42.27898,-83.753227,217.5,8.8999996,74.900002,1.15,20.01,0.0,0.33000001,6.0,439.10001,60
9,8295,2644,2776297,2644,293676914575023,20628,113,48500,42.27898,-83.753212,217.5,8.8999996,74.425003,1.0700001,20.01,0.0,-0.20999999,6.0,629.79999,65
9,8295,2644,2776297,2644,293676914675066,20628,114,48600,42.27898,-83.753197,217.5,8.9799995,74.425003,1.0,20.01,0.0,-0.44,6.0,1050.2,84
9,8295,2644,2776297,2644,293676914775019,20628,115,48700,42.27898,-83.753197,217.5,9.04,74.599998,0.92000002,20.01,0.0,-0.11,6.0,3276.7,83
9,8295,2644,2776297,2644,293676914875415,20628,116,48800,42.278992,-83.753181,217.5,9.1599998,74.025002,0.92000002,20.01,0.0,-1.0599999,6.0,3276.7,76
9,8295,2644,2776297,2644,293676914975055,20628,117,48900,42.278992,-83.753166,217.5,9.2600002,74.337502,0.94,20.01,0.0,-0.72000003,6.0,3276.7,74
9,8295,2644,2776297,2644,293676915075097,20628,118,49000,42.278992,-83.753159,217.39999,9.1599998,74.862503,0.67000002,20.01,-0.02,0.62,6.0,-1126.3,68
9,8295,2644,2776297,2644,293676915175256,20628,119,49100,42.278999,-83.753151,217.5,9.46,74.912498,0.89999998,20.01,0.0,1.26,6.0,-977.20001,44
9,8295,2644,2776297,2644,293676915274934,20628,120,49200,42.278999,-83.753143,217.5,9.54,75.037498,0.89999998,20.01,0.0,1.26,6.0,-983.20001,42
9,8295,2644,2776297,2644,293676915375063,20628,121,49300,42.278999,-83.753128,217.5,9.5200005,74.6875,0.95999998,20.01,0.0,0.88,6.0,-1085.4,48
9,8295,2644,2776297,2644,293676915475031,20628,122,49400,42.278999,-83.75312,217.5,9.5799999,73.487503,0.92000002,20.01,0.0,-1.8099999,6.0,-1079.0,46
9,8295,2644,2776297,2644,293676915575020,20628,123,49500,42.278999,-83.753113,217.5,9.7600002,75.400002,1.04,20.01,0.0,0.94,6.0,-1189.2,85
9,8295,2644,2776297,2644,293676915675094,20628,124,49600,42.279011,-83.753098,217.5,9.8800001,73.675003,1.09,20.01,0.0,-1.24,6.0,-1221.1,46
9,8295,2644,2776297,2644,293676915775029,20628,125,49700,42.279011,-83.753082,217.5,9.8999996,73.824997,1.0,20.01,0.0,-1.79,6.0,-1134.2,40
9,8295,2644,2776297,2644,293676915875062,20628,126,49800,42.279011,-83.753067,217.5,9.9399996,74.400002,0.85000002,20.01,0.0,-0.60000002,6.0,-1066.1,49
9,8295,2644,2776297,2644,293676915975030,20628,127,49900,42.279011,-83.753059,217.39999,10.1,73.512497,0.91000003,20.01,-0.02,-1.61,6.0,-955.5,48
9,8295,2644,2776297,2644,293676916075100,20628,0,50000,42.279018,-83.753036,217.39999,10.14,73.849998,0.88,20.01,-0.02,-1.15,6.0,-857.90002,68
9,8295,2644,2776297,2644,293676916174919,20628,1,50100,42.279018,-83.753036,217.5,10.2,74.099998,0.81999999,20.01,0.0,-0.19,6.0,-811.5,74
9,8295,2644,2776297,2644,293676916274928,20628,2,50200,42.279018,-83.753021,217.39999,10.3,74.087502,0.81999999,20.01,0.0,-0.19,6.0,-797.09998,51
9,8295,2644,2776297,2644,293676916375062,20628,3,50300,42.27903,-83.753014,217.39999,10.28,73.787498,0.77999997,20.01,0.0,-0.30000001,6.0,-801.90002,54
9,8295,2644,2776297,2644,293676916475055,20628,4,50400,42.27903,-83.752998,217.39999,10.32,74.074997,0.70999998,20.01,0.0,0.25999999,6.0,-845.29999,48
9,8295,2644,2776297,2644,293676916575030,20628,5,50500,42.27903,-83.752983,217.39999,10.42,74.199997,0.73000002,20.01,0.0,0.74000001,6.0,-954.20001,46
9,8295,2644,2776297,2644,293676916675089,20628,6,50600,42.27903,-83.752983,217.39999,10.44,73.5,0.63999999,20.01,0.0,-0.51999998,6.0,-1070.5,85
9,8295,2644,2776297,2644,293676916775414,20628,7,50700,42.27903,-83.75296,217.39999,10.5,73.987503,0.62,20.01,0.0,-0.11,6.0,-1223.2,100
9,8295,2644,2776297,2644,293676916875424,20628,8,50800,42.279041,-83.752953,217.3,10.62,73.400002,0.70999998,20.01,0.0,-1.04,6.0,-1324.7,56
9,8295,2644,2776297,2644,293676916975084,20628,9,50900,42.279041,-83.752937,217.3,10.6,73.962502,0.57999998,20.01,-0.02,-0.18000001,6.0,-1451.0,76
9,8295,2644,2776297,2644,293676917075059,20628,10,51000,42.279049,-83.752922,217.3,10.52,73.699997,0.34999999,20.01,0.0,-0.25,6.0,3276.7,88
9,8295,2644,2776297,2644,293676917174917,20628,11,51100,42.279049,-83.752907,217.3,10.58,74.112503,0.28,20.01,0.0,0.57999998,6.0,3276.7,70
9,8295,2644,2776297,2644,293676917274932,20628,12,51200,42.279049,-83.752899,217.2,10.6,74.175003,0.28,20.01,0.0,0.57999998,6.0,3276.7,56
9,8295,2644,2776297,2644,293676917375028,20628,13,51300,42.279049,-83.752892,217.2,10.68,73.349998,0.37,20.01,-0.02,-0.61000001,6.0,3276.7,95
9,8295,2644,2776297,2644,293676917475002,20628,14,51400,42.279049,-83.752876,217.2,10.74,74.487503,0.41999999,20.01,-0.02,1.13,6.0,3276.7,59
9,8295,2644,2776297,2644,293676917577393,20628,15,51500,42.27906,-83.752861,217.2,10.76,73.862503,0.41999999,20.01,0.0,0.56,6.0,3276.7,66
9,8295,2644,2776297,2644,293676917675069,20628,16,51600,42.27906,-83.752853,217.2,10.68,74.362503,0.25,20.01,0.0,1.15,6.0,3276.7,54
9,8295,2644,2776297,2644,293676917775393,20628,17,51700,42.27906,-83.752838,217.10001,10.76,74.550003,0.25,20.01,0.0,1.58,6.0,3276.7,48
9,8295,2644,2776297,2644,293676917875084,20628,18,51800,42.27906,-83.752823,217.10001,10.72,74.699997,0.14,20.01,0.0,1.78,6.0,1474.8,47
9,8295,2644,2776297,2644,293676917975432,20628,19,51900,42.279072,-83.752823,217.10001,10.74,75.400002,0.12,20.01,0.0,2.8800001,6.0,969.0,40
9,8295,2644,2776297,2644,293676918075419,20628,20,52000,42.279072,-83.7528,217.10001,10.78,74.962502,0.16,20.01,0.0,2.02,6.0,718.40002,48
9,8295,2644,2776297,2644,293676918174933,20628,21,52100,42.279072,-83.752777,217.10001,10.8,75.162498,0.16,20.01,0.0,2.02,6.0,573.29999,70
9,8295,2644,2776297,2644,293676918274921,20628,22,52100,42.279072,-83.752777,217.10001,10.78,75.050003,0.15000001,20.01,0.0,1.37,6.0,489.5,84
9,8295,2644,2776297,2644,293676918375086,20628,23,52300,42.279079,-83.752762,217.10001,10.8,74.712502,0.16,20.01,0.0,0.12,6.0,450.79999,43
9,8295,2644,2776297,2644,293676918475402,20628,24,52400,42.279079,-83.752747,217.10001,10.74,75.699997,5.0000001E-2,20.01,0.0,1.39,6.0,423.70001,50
9,8295,2644,2776297,2644,293676918575133,20628,25,52500,42.279079,-83.752739,217.10001,10.72,74.300003,-5.0000001E-2,20.01,0.0,-0.95999998,6.0,427.60001,38
9,8295,2644,2776297,2644,293676918675408,20628,26,52600,42.279079,-83.752724,217.10001,10.76,75.337502,-9.9999998E-3,20.01,0.0,0.07,6.0,445.39999,42
9,8295,2644,2776297,2644,293676918775441,20628,27,52700,42.279091,-83.752708,217.0,10.74,75.612503,-0.02,20.01,0.0,1.11,6.0,463.89999,86
9,8295,2644,2776297,2644,293676918875422,20628,28,52800,42.279091,-83.752701,217.0,10.72,74.612503,-3.9999999E-2,20.01,0.0,-0.52999997,6.0,505.20001,60
9,8295,2644,2776297,2644,293676918975126,20628,29,52900,42.279091,-83.752693,217.0,10.76,75.050003,-9.9999998E-3,20.01,0.0,-0.38999999,6.0,571.90002,60
9,8295,2644,2776297,2644,293676919075444,20628,30,53000,42.279091,-83.75267,216.89999,10.68,75.0,-7.9999998E-2,20.01,-0.02,-0.34,6.0,673.59998,70
9,8295,2644,2776297,2644,293676919175418,20628,31,53100,42.279099,-83.752663,216.89999,10.7,75.449997,-7.9999998E-2,20.01,-0.02,0.60000002,6.0,795.70001,81
9,8295,2644,2776297,2644,293676919275443,20628,32,53200,42.279099,-83.752647,216.89999,10.76,75.512497,9.9999998E-3,20.01,0.0,1.09,6.0,915.5,48
9,8295,2644,2776297,2644,293676919375391,20628,33,53300,42.279099,-83.752632,216.8,10.72,75.612503,-9.9999998E-3,20.01,-0.02,1.3099999,6.0,1002.9,45
9,8295,2644,2776297,2644,293676919475128,20628,34,53400,42.27911,-83.752617,216.8,10.6,73.987503,-0.18000001,20.01,-0.02,-2.0,6.0,1293.6,48
9,8295,2644,2776297,2644,293676919575085,20628,35,53500,42.27911,-83.752609,216.8,10.76,74.587502,0.0,20.01,0.0,-2.0899999,6.0,3276.7,38
9,8295,2644,2776297,2644,293676919675429,20628,36,53600,42.27911,-83.752602,216.7,10.78,75.525002,7.9999998E-2,20.01,0.0,0.11,6.0,3276.7,60
9,8295,2644,2776297,2644,293676919775429,20628,37,53700,42.27911,-83.752586,216.7,10.66,74.4375,-5.0000001E-2,20.01,0.0,-0.94,6.0,3276.7,66
9,8295,2644,2776297,2644,293676919875425,20628,38,53800,42.27911,-83.752571,216.7,10.7,75.099998,-3.9999999E-2,20.01,0.0,0.0,6.0,3276.7,86
9,8295,2644,2776297,2644,293676919975428,20628,39,53900,42.279121,-83.752563,216.60001,10.7,74.849998,-0.02,20.01,0.0,-9.9999998E-3,6.0,3276.7,67
9,8295,2644,2776297,2644,293676920075422,20628,40,54000,42.279121,-83.752548,216.60001,10.66,74.1875,-5.9999999E-2,20.01,0.0,-1.3099999,6.0,3276.7,86
9,8295,2644,2776297,2644,293676920175426,20628,41,54100,42.279129,-83.752533,216.60001,10.64,74.087502,-0.1,20.01,0.0,-1.89,6.0,-1122.3,48
9,8295,2644,2776297,2644,293676920275438,20628,42,54200,42.279129,-83.752533,216.5,10.6,74.3125,-0.17,20.01,0.0,-1.35,6.0,-889.09998,53
9,8295,2644,2776297,2644,293676920375402,20628,43,54300,42.279129,-83.75251,216.5,10.54,74.212502,-0.25,20.01,0.0,-1.02,6.0,-751.20001,80
9,8295,2644,2776297,2644,293676920475421,20628,44,54400,42.279129,-83.752487,216.5,10.56,74.5,-0.2,20.01,0.0,-0.11,6.0,-686.29999,66
9,8295,2644,2776297,2644,293676920575114,20628,45,54500,42.279129,-83.752487,216.5,10.56,74.324997,-0.16,20.01,0.0,0.02,6.0,-663.90002,48
9,8295,2644,2776297,2644,293676920675436,20628,46,54600,42.27914,-83.752472,216.5,10.58,74.5625,-0.1,20.01,0.0,0.55000001,6.0,-684.0,44
9,8295,2644,2776297,2644,293676920775424,20628,47,54700,42.27914,-83.752457,216.39999,10.48,74.25,-0.22,20.01,0.0,0.1,6.0,-729.79999,48
9,8295,2644,2776297,2644,293676920875090,20628,48,54800,42.27914,-83.752449,216.39999,10.44,74.637497,-0.28,20.01,0.0,0.60000002,6.0,-823.20001,49
9,8295,2644,2776297,2644,293676920975091,20628,49,54900,42.27914,-83.752434,216.39999,10.46,74.462502,-0.23999999,20.01,0.0,0.40000001,6.0,-974.90002,65
9,8295,2644,2776297,2644,293676921075423,20628,50,55000,42.279148,-83.752434,216.3,10.38,73.875,-0.28999999,20.01,0.0,-0.92000002,6.0,-1120.0,66
9,8295,2644,2776297,2644,293676921175428,20628,51,55100,42.279148,-83.752411,216.2,10.32,74.699997,-0.36000001,20.01,-0.02,0.19,6.0,-1343.2,82
9,8295,2644,2776297,2644,293676921275438,20628,52,55200,42.279148,-83.752403,216.2,10.4,74.5625,-0.22,20.01,-0.02,0.44999999,6.0,3276.7,96
9,8295,2644,2776297,2644,293676921375409,20628,53,55300,42.27916,-83.752388,216.2,10.44,74.5625,-7.9999998E-2,20.01,-0.02,0.49000001,6.0,3276.7,84
9,8295,2644,2776297,2644,293676921475424,20628,54,55400,42.27916,-83.752373,216.10001,10.44,74.949997,-9.9999998E-3,20.01,-0.02,1.16,6.0,3276.7,56
9,8295,2644,2776297,2644,293676921575434,20628,55,55500,42.27916,-83.752373,216.10001,10.28,74.724998,-0.2,20.01,0.0,0.82999998,6.0,3276.7,62
9,8295,2644,2776297,2644,293676921675435,20628,56,55600,42.27916,-83.75235,216.2,10.42,75.087502,-5.9999999E-2,20.01,0.0,1.21,6.0,3276.7,59
9,8295,2644,2776297,2644,293676921775122,20628,57,55700,42.27916,-83.752342,216.10001,10.34,75.25,-0.1,20.01,0.0,1.49,6.0,3276.7,54
9,8295,2644,2776297,2644,293676921875064,20628,58,55800,42.279171,-83.752327,216.10001,10.22,74.925003,-0.28,20.01,0.0,0.69,6.0,1167.1,92
9,8295,2644,2776297,2644,293676921975113,20628,59,55900,42.279171,-83.752312,216.0,10.24,75.362503,-0.28,20.01,0.0,1.02,6.0,923.59998,99
9,8295,2644,2776297,2644,293676922075089,20628,60,56000,42.279171,-83.752296,216.0,10.12,74.650002,-0.43000001,20.01,0.0,-0.41,6.0,832.29999,48
9,8295,2644,2776297,2644,293676922175451,20628,61,56100,42.279171,-83.752289,216.0,10.18,75.800003,-0.33000001,20.01,0.0,1.21,6.0,753.70001,86
9,8295,2644,2776297,2644,293676922275100,20628,62,56200,42.279179,-83.752281,216.0,10.02,74.724998,-0.47999999,20.01,0.0,-0.31999999,6.0,734.20001,51
9,8295,2644,2776297,2644,293676922375417,20628,63,56300,42.279179,-83.752274,215.89999,10.0,74.837502,-0.49000001,20.01,0.0,-0.80000001,6.0,772.09998,44
9,8295,2644,2776297,2644,293676922475128,20628,64,56400,42.279179,-83.752258,215.89999,9.9399996,74.949997,-0.51999998,20.01,0.0,-0.67000002,6.0,864.70001,46
9,8295,2644,2776297,2644,293676922575096,20628,65,56500,42.279179,-83.752243,215.8,9.8999996,75.150002,-0.50999999,20.01,-0.02,-5.9999999E-2,6.0,998.09998,72
9,8295,2644,2776297,2644,293676922675110,20628,66,56600,42.27919,-83.752243,215.8,9.8400002,75.050003,-0.49000001,20.01,-0.02,5.0000001E-2,6.0,1180.7,98
9,8295,2644,2776297,2644,293676922775086,20628,67,56700,42.27919,-83.75222,215.8,9.8800001,75.237503,-0.34999999,20.01,0.0,0.44999999,6.0,1386.4,68
9,8295,2644,2776297,2644,293676922875420,20628,68,56800,42.27919,-83.752213,215.7,9.8000002,75.099998,-0.37,20.01,0.0,0.28,6.0,3276.7,66
9,8295,2644,2776297,2644,293676922975409,20628,69,56900,42.27919,-83.752197,215.7,9.8000002,75.650002,-0.33000001,20.01,0.0,1.22,6.0,3276.7,46
9,8295,2644,2776297,2644,293676923075129,20628,70,57000,42.279202,-83.75219,215.7,9.7399998,75.6875,-0.34999999,20.01,0.0,1.52,6.0,3276.7,44
9,8295,2644,2776297,2644,293676923174943,20628,71,57100,42.279202,-83.752167,215.60001,9.6999998,75.837502,-0.34999999,20.01,0.0,1.52,6.0,1351.1,46
9,8295,2644,2776297,2644,293676923275128,20628,72,57200,42.279202,-83.752167,215.60001,9.6599998,75.087502,-0.43000001,20.01,0.0,0.2,6.0,1225.1,98
9,8295,2644,2776297,2644,293676923375398,20628,73,57300,42.279202,-83.752151,215.5,9.6400003,75.0,-0.41,20.01,-0.02,-0.66000003,6.0,1237.7,46
9,8295,2644,2776297,2644,293676923475078,20628,74,57400,42.279209,-83.752136,215.5,9.6400003,75.400002,-0.34999999,20.01,-0.02,-0.18000001,6.0,1311.9,46
9,8295,2644,2776297,2644,293676923575137,20628,75,57500,42.279209,-83.752129,215.5,9.5600004,75.300003,-0.38999999,20.01,0.0,-0.1,6.0,1442.9,49
9,8295,2644,2776297,2644,293676923675154,20628,76,57600,42.279209,-83.752121,215.39999,9.5600004,75.150002,-0.34999999,20.01,0.0,-0.31,6.0,3276.7,56
9,8295,2644,2776297,2644,293676923775120,20628,77,57700,42.279209,-83.752113,215.39999,9.5600004,75.612503,-0.28999999,20.01,0.0,0.52999997,6.0,3276.7,97
9,8295,2644,2776297,2644,293676923875087,20628,78,57800,42.279209,-83.752098,215.3,9.4399996,75.387497,-0.38,20.01,0.0,0.40000001,6.0,3276.7,80
9,8295,2644,2776297,2644,293676923975426,20628,79,57900,42.279221,-83.752083,215.2,9.54,75.525002,-0.22,20.01,-0.02,0.52999997,6.0,3276.7,70
9,8295,2644,2776297,2644,293676924075091,20628,80,58000,42.279221,-83.752083,215.2,9.3999996,75.212502,-0.34,20.01,-0.02,-0.11,6.0,3276.7,96
9,8295,2644,2776297,2644,293676924174945,20628,81,58100,42.279221,-83.75206,215.2,9.3599997,75.199997,-0.34,20.01,-0.02,-0.11,6.0,3276.7,90
9,8295,2644,2776297,2644,293676924275038,20628,82,58200,42.279221,-83.752052,215.2,9.3800001,75.099998,-0.34999999,20.01,0.0,-0.62,6.0,3276.7,65
9,8295,2644,2776297,2644,293676924375014,20628,83,58300,42.279221,-83.752037,215.10001,9.3199997,75.762497,-0.41,20.01,0.0,0.52999997,6.0,3276.7,95
9,8295,2644,2776297,2644,293676924475039,20628,84,58400,42.279228,-83.752029,215.10001,9.3000002,75.300003,-0.40000001,20.01,0.0,0.1,6.0,3276.7,93
9,8295,2644,2776297,2644,293676924575031,20628,85,58500,42.279228,-83.752022,215.0,9.2399998,75.362503,-0.41,20.01,0.0,-9.9999998E-3,6.0,3276.7,98
9,8295,2644,2776297,2644,293676924675065,20628,86,58600,42.279228,-83.752007,215.0,9.2200003,75.949997,-0.38999999,20.01,0.0,1.08,6.0,3276.7,58
9,8295,2644,2776297,2644,293676924775066,20628,87,58700,42.279228,-83.751999,214.89999,9.1800003,75.175003,-0.37,20.01,0.0,-0.1,6.0,3276.7,93
9,8295,2644,2776297,2644,293676924875037,20628,88,58800,42.27924,-83.751991,214.89999,9.1000004,75.787498,-0.43000001,20.01,0.0,0.50999999,6.0,3276.7,87
9,8295,2644,2776297,2644,293676924975105,20628,89,58900,42.27924,-83.751984,214.89999,9.1800003,75.150002,-0.28,20.01,0.0,-0.5,6.0,3276.7,73
9,8295,2644,2776297,2644,293676925075109,20628,90,59000,42.27924,-83.751968,214.8,9.0600004,74.9375,-0.36000001,20.01,0.0,-1.34,6.0,3276.7,45
9,8295,2644,2776297,2644,293676925174990,20628,91,59100,42.27924,-83.751953,214.8,9.0200005,74.800003,-0.36000001,20.01,0.0,-1.34,6.0,3276.7,43
9,8295,2644,2776297,2644,293676925275030,20628,92,59200,42.27924,-83.751953,214.7,9.0600004,75.462502,-0.31999999,20.01,0.0,-0.44999999,6.0,3276.7,64
9,8295,2644,2776297,2644,293676925375008,20628,93,59300,42.279251,-83.751938,214.7,9.0600004,75.512497,-0.27000001,20.01,0.0,0.16,6.0,3276.7,82
9,8295,2644,2776297,2644,293676925475074,20628,94,59400,42.279251,-83.751923,214.60001,9.04,75.724998,-0.25,20.01,0.0,0.85000002,6.0,3276.7,46
9,8295,2644,2776297,2644,293676925575419,20628,95,59500,42.279251,-83.751907,214.60001,9.0200005,75.3125,-0.20999999,20.01,0.0,0.22,6.0,3276.7,48
9,8295,2644,2776297,2644,293676925675419,20628,96,59600,42.279251,-83.7519,214.5,9.0200005,75.75,-0.16,20.01,0.0,0.69999999,6.0,3276.7,48
9,8295,2644,2776297,2644,293676925775062,20628,97,59700,42.279251,-83.751892,214.5,8.9200001,75.837502,-0.28,20.01,0.0,0.98000002,6.0,3276.7,48
9,8295,2644,2776297,2644,293676925875416,20628,98,59800,42.279251,-83.751877,214.39999,8.9200001,75.349998,-0.28,20.01,0.0,-0.02,6.0,3276.7,92
9,8295,2644,2776297,2644,293676925975064,20628,99,59900,42.279259,-83.751869,214.39999,8.9399996,75.237503,-0.22,20.01,0.0,-0.73000002,6.0,3276.7,53
9,8295,2644,2776297,2644,293676926075083,20628,100,0,42.279259,-83.751862,214.39999,8.9200001,75.537498,-0.2,20.01,0.0,-0.34999999,6.0,3276.7,50
9,8295,2644,2776297,2644,293676926175425,20628,101,100,42.279259,-83.751846,214.3,8.8999996,75.162498,-0.18000001,20.01,0.0,-0.81999999,6.0,3276.7,48
9,8295,2644,2776297,2644,293676926275094,20628,102,200,42.27927,-83.751839,214.3,8.7799997,75.25,-0.31,20.01,0.0,-0.70999998,6.0,3276.7,51
9,8295,2644,2776297,2644,293676926375073,20628,103,300,42.27927,-83.751831,214.2,8.7399998,75.3125,-0.38999999,20.01,0.0,-0.40000001,6.0,3276.7,78
9,8295,2644,2776297,2644,293676926475029,20628,104,400,42.27927,-83.751823,214.2,8.7399998,74.849998,-0.36000001,20.01,0.0,-1.09,6.0,3276.7,69
9,8295,2644,2776297,2644,293676926575068,20628,105,500,42.27927,-83.751808,214.10001,8.6599998,74.800003,-0.41,20.01,0.0,-1.29,6.0,3276.7,62
9,8295,2644,2776297,2644,293676926675104,20628,106,600,42.27927,-83.751801,214.10001,8.6199999,75.087502,-0.43000001,20.01,0.0,-0.58999997,6.0,-1347.7,94
9,8295,2644,2776297,2644,293676926775049,20628,107,700,42.27927,-83.751793,214.10001,8.5799999,74.762497,-0.43000001,20.01,0.0,-0.75,6.0,-1102.0,96
9,8295,2644,2776297,2644,293676926875124,20628,108,800,42.279282,-83.751778,214.0,8.5,74.650002,-0.47,20.01,0.0,-0.92000002,6.0,-931.20001,98
9,8295,2644,2776297,2644,293676926975083,20628,109,900,42.279282,-83.75177,214.0,8.3999996,74.900002,-0.56,20.01,0.0,-0.31999999,6.0,-838.29999,76
9,8295,2644,2776297,2644,293676927075065,20628,110,1000,42.279282,-83.751762,214.0,8.3800001,74.574997,-0.55000001,20.01,0.0,-0.60000002,6.0,-775.09998,80
9,8295,2644,2776297,2644,293676927175153,20628,111,1100,42.279289,-83.751747,213.89999,8.2799997,74.050003,-0.62,20.01,0.0,-1.65,7.0,-692.70001,72
9,8295,2644,2776297,2644,293676927275052,20628,112,1200,42.279289,-83.75174,213.89999,8.2799997,74.900002,-0.54000002,20.01,0.0,-0.17,7.0,-653.70001,88
9,8295,2644,2776297,2644,293676927375112,20628,113,1300,42.279289,-83.751732,213.8,8.1800003,74.650002,-0.56999999,20.01,0.0,9.0000004E-2,7.0,-649.90002,60
9,8295,2644,2776297,2644,293676927475080,20628,114,1400,42.279289,-83.751717,213.8,8.1199999,74.300003,-0.60000002,20.01,0.0,-0.47999999,7.0,-654.09998,76
9,8295,2644,2776297,2644,293676927575137,20628,115,1500,42.279289,-83.751709,213.8,7.98,75.0625,-0.72000003,20.01,0.0,0.81999999,7.0,-711.09998,48
9,8295,2644,2776297,2644,293676927675138,20628,116,1600,42.279289,-83.751701,213.7,7.9200001,74.650002,-0.75,20.01,0.0,0.5,7.0,-818.70001,48
9,8295,2644,2776297,2644,293676927775138,20628,117,1700,42.279301,-83.751694,213.7,7.96,74.300003,-0.60000002,20.01,0.0,-0.41999999,7.0,-939.90002,94
9,8295,2644,2776297,2644,293676927875169,20628,118,1800,42.279301,-83.751694,213.7,7.8600001,74.099998,-0.60000002,20.01,0.0,-1.21,7.0,-1005.8,50
9,8295,2644,2776297,2644,293676927975141,20628,119,1900,42.279301,-83.751678,213.7,7.7600002,75.0,-0.64999998,20.01,0.0,0.40000001,7.0,-1145.4,94
9,8295,2644,2776297,2644,293676928075116,20628,120,2000,42.279301,-83.751663,213.60001,7.6599998,74.300003,-0.74000001,20.01,0.0,-0.23,7.0,-1307.7,92
9,8295,2644,2776297,2644,293676928175091,20628,121,2100,42.279301,-83.751663,213.60001,7.5999999,74.474998,-0.73000002,20.01,0.0,-0.17,7.0,3276.7,96
9,8295,2644,2776297,2644,293676928275139,20628,122,2200,42.279301,-83.751648,213.5,7.5,74.8125,-0.75999999,20.01,0.0,0.55000001,7.0,3276.7,74
9,8295,2644,2776297,2644,293676928375174,20628,123,2300,42.279308,-83.75164,213.5,7.48,73.912498,-0.70999998,20.01,0.0,-0.94999999,7.0,3276.7,78
9,8295,2644,2776297,2644,293676928475175,20628,124,2400,42.279308,-83.751633,213.5,7.3200002,74.849998,-0.80000001,20.01,0.0,0.31999999,7.0,3276.7,92
9,8295,2644,2776297,2644,293676928575170,20628,125,2500,42.279308,-83.751633,213.5,7.3600001,74.287498,-0.66000003,20.01,0.0,-0.22,7.0,3276.7,100
9,8295,2644,2776297,2644,293676928675135,20628,126,2600,42.279308,-83.751617,213.5,7.4400001,73.9375,-0.38999999,20.01,0.0,-1.12,7.0,3276.7,60
9,8295,2644,2776297,2644,293676928775174,20628,127,2700,42.27932,-83.751602,213.5,7.1599998,74.949997,-0.66000003,20.01,0.0,0.63,7.0,3276.7,82
9,8295,2644,2776297,2644,293676928875165,20628,0,2800,42.27932,-83.751587,213.39999,7.1199999,74.400002,-0.72000003,20.01,0.0,0.30000001,7.0,3276.7,70
9,8295,2644,2776297,2644,293676928975171,20628,1,2900,42.27932,-83.751587,213.39999,7.1399999,72.849998,-0.60000002,20.01,0.0,-2.95,7.0,3276.7,40
9,8295,2644,2776297,2644,293676929075163,20628,2,3000,42.27932,-83.751579,213.39999,7.0599999,73.550003,-0.60000002,20.01,0.0,-2.5999999,7.0,-1310.2,37
9,8295,2644,2776297,2644,293676929175136,20628,3,3100,42.27932,-83.751572,213.39999,7.1999998,72.974998,-0.30000001,20.01,0.0,-3.05,7.0,-783.40002,36
9,8295,2644,2776297,2644,293676929275171,20628,4,3200,42.27932,-83.751556,213.39999,6.96,73.8125,-0.5,20.01,0.0,-1.04,7.0,-576.90002,66
9,8295,2644,2776297,2644,293676929375171,20628,5,3300,42.279331,-83.751556,213.39999,7.04,72.449997,-0.36000001,20.01,0.0,-2.51,7.0,-443.70001,65
9,8295,2644,2776297,2644,293676929475098,20628,6,3400,42.279331,-83.751549,213.3,6.96,72.25,-0.38,20.01,0.0,-3.1199999,7.0,-349.39999,50
9,8295,2644,2776297,2644,293676929575165,20628,7,3500,42.279331,-83.751541,213.3,6.9400001,71.849998,-0.36000001,20.01,0.0,-3.5899999,7.0,-280.79999,46
9,8295,2644,2776297,2644,293676929675133,20628,8,3600,42.279339,-83.751534,213.3,6.9000001,71.349998,-0.34,20.01,0.0,-4.0999999,7.0,-229.7,43
9,8295,2644,2776297,2644,293676929775097,20628,9,3700,42.279339,-83.751534,213.3,6.9000001,72.0625,-0.30000001,20.01,0.0,-2.1600001,7.0,-199.0,98
9,8295,2644,2776297,2644,293676929875464,20628,10,3800,42.279339,-83.751518,213.3,6.8800001,71.349998,-0.28,20.01,0.0,-2.1900001,7.0,-179.10001,58
9,8295,2644,2776297,2644,293676929975498,20628,11,3900,42.279339,-83.751511,213.3,6.8400002,70.650002,-0.27000001,20.01,0.0,-3.1199999,7.0,-163.7,82
9,8295,2644,2776297,2644,293676930075144,20628,12,4000,42.279339,-83.751503,213.3,6.8600001,71.6875,-0.20999999,20.01,0.0,-0.95999998,7.0,-156.10001,42
9,8295,2644,2776297,2644,293676930174989,20628,13,4100,42.279339,-83.751503,213.3,6.8400002,70.300003,-0.17,20.01,0.0,-2.4200001,7.0,-150.7,53
9,8295,2644,2776297,2644,293676930275137,20628,14,4200,42.27935,-83.751488,213.3,6.8200002,70.125,-0.16,20.01,0.0,-3.0,7.0,-145.89999,95
9,8295,2644,2776297,2644,293676930375098,20628,15,4300,42.27935,-83.75148,213.3,6.9000001,70.599998,-2.9999999E-2,20.01,0.0,-1.76,7.0,-144.0,80
9,8295,2644,2776297,2644,293676930475129,20628,16,4400,42.27935,-83.751472,213.3,6.7399998,69.900002,-0.20999999,20.01,0.0,-2.1700001,7.0,-143.39999,88
9,8295,2644,2776297,2644,293676930575137,20628,17,4500,42.27935,-83.751457,213.3,6.8600001,69.099998,-5.9999999E-2,20.01,0.0,-3.51,7.0,-141.60001,52
9,8295,2644,2776297,2644,293676930675152,20628,18,4600,42.27935,-83.751457,213.39999,6.8600001,70.099998,0.0,20.01,0.0,-1.53,7.0,-142.3,90
9,8295,2644,2776297,2644,293676930775172,20628,19,4700,42.279362,-83.751442,213.39999,6.98,69.949997,0.19,20.01,0.0,-0.56999999,7.0,-146.89999,45
9,8295,2644,2776297,2644,293676930875169,20628,20,4800,42.279362,-83.751427,213.39999,6.8800001,68.5,9.0000004E-2,20.01,0.0,-2.8099999,7.0,-150.60001,96
9,8295,2644,2776297,2644,293676930975150,20628,21,4900,42.279362,-83.751427,213.39999,6.9000001,69.199997,7.9999998E-2,20.01,0.0,-2.0,7.0,-154.89999,100
9,8295,2644,2776297,2644,293676931075107,20628,22,5000,42.279369,-83.751419,213.39999,7.04,69.199997,0.27000001,20.01,0.0,-1.1900001,7.0,-161.60001,70
9,8295,2644,2776297,2644,293676931175133,20628,23,5100,42.279369,-83.751411,213.5,7.0799999,69.400002,0.36000001,20.01,0.0,-0.19,7.0,-173.2,44
9,8295,2644,2776297,2644,293676931275181,20628,24,5200,42.279369,-83.751404,213.5,7.0599999,68.412498,0.31,20.01,0.0,-1.5700001,8.0,-185.89999,67
9,8295,2644,2776297,2644,293676931375178,20628,25,5300,42.279369,-83.751404,213.5,7.1799998,69.400002,0.41,20.01,0.0,-2.9999999E-2,8.0,-204.8,47
9,8295,2644,2776297,2644,293676931475262,20628,26,5400,42.279381,-83.751389,213.5,7.1399999,67.199997,0.34999999,20.01,0.0,-3.55,8.0,-216.7,46
9,8295,2644,2776297,2644,293676931575260,20628,27,5500,42.279381,-83.751381,213.5,7.2399998,68.087502,0.40000001,20.01,0.0,-2.8699999,8.0,-223.2,40
9,8295,2644,2776297,2644,293676931675260,20628,28,5600,42.279381,-83.751373,213.5,7.3800001,68.75,0.58999997,20.01,0.0,-0.66000003,8.0,-234.10001,96
9,8295,2644,2776297,2644,293676931775247,20628,29,5700,42.279381,-83.751373,213.5,7.48,67.675003,0.69999999,20.01,0.0,-1.55,8.0,-244.89999,92
9,8295,2644,2776297,2644,293676931875208,20628,30,5800,42.279381,-83.751358,213.60001,7.6999998,67.199997,0.98000002,20.01,0.0,-2.6199999,8.0,-250.2,70
9,8295,2644,2776297,2644,293676931975189,20628,31,5900,42.279388,-83.75135,213.60001,7.8200002,66.574997,1.11,20.01,0.0,-3.8499999,8.0,-244.89999,42
9,8295,2644,2776297,2644,293676932075208,20628,32,6000,42.279388,-83.751343,213.60001,8.1599998,67.5,1.49,20.01,0.0,-1.91,8.0,-240.7,72
9,8295,2644,2776297,2644,293676932175054,20628,33,6100,42.2794,-83.751328,213.60001,8.3000002,67.300003,1.49,20.01,0.0,-1.91,8.0,-237.8,90
9,8295,2644,2776297,2644,293676932275175,20628,34,6200,42.2794,-83.75132,213.60001,8.2600002,66.300003,1.58,20.01,0.0,-2.9200001,8.0,-231.8,86
9,8295,2644,2776297,2644,293676932375210,20628,35,6300,42.2794,-83.751312,213.60001,8.5,66.199997,1.72,20.01,0.0,-3.02,8.0,-223.89999,73
9,8295,2644,2776297,2644,293676932475216,20628,36,6400,42.2794,-83.751297,213.60001,8.5,65.412498,1.51,20.01,0.0,-4.02,8.0,-211.89999,46
9,8295,2644,2776297,2644,293676932575196,20628,37,6500,42.279411,-83.751289,213.5,8.7200003,65.550003,1.53,20.01,-3.9999999E-2,-3.46,8.0,-200.10001,50
9,8295,2644,2776297,2644,293676932675190,20628,38,6600,42.279411,-83.751282,213.5,8.8400002,66.112503,1.49,20.01,-3.9999999E-2,-1.41,8.0,-194.39999,54
9,8295,2644,2776297,2644,293676932775163,20628,39,6700,42.279419,-83.751266,213.5,9.0,65.199997,1.5,20.01,-3.9999999E-2,-1.9,8.0,-191.89999,46
9,8295,2644,2776297,2644,293676932875176,20628,40,6800,42.279419,-83.751259,213.5,9.0799999,65.337502,1.39,20.01,-0.02,-1.52,8.0,-192.8,44
9,8295,2644,2776297,2644,293676932975132,20628,41,6900,42.279419,-83.751251,213.5,9.2200003,65.162498,1.37,20.01,-0.02,-1.36,8.0,-197.0,45
9,8295,2644,2776297,2644,293676933075169,20628,42,7000,42.27943,-83.751244,213.5,9.1999998,65.137497,1.13,20.01,0.0,-1.08,8.0,-204.7,46
9,8295,2644,2776297,2644,293676933175208,20628,43,7100,42.27943,-83.751228,213.5,9.2399998,64.9375,0.92000002,20.01,0.0,-1.11,8.0,-215.7,50
9,8295,2644,2776297,2644,293676933275217,20628,44,7200,42.27943,-83.751221,213.5,9.2399998,64.824997,0.69,20.01,0.0,-1.13,8.0,-229.8,67
9,8295,2644,2776297,2644,293676933375175,20628,45,7300,42.27943,-83.751213,213.5,9.3000002,64.400002,0.60000002,20.01,0.0,-1.74,8.0,-244.7,93
9,8295,2644,2776297,2644,293676933475189,20628,46,7400,42.279442,-83.751198,213.5,9.2200003,64.762497,0.34999999,20.01,0.0,-0.99000001,8.0,-263.20001,96
9,8295,2644,2776297,2644,293676933575208,20628,47,7500,42.279442,-83.75119,213.5,9.1199999,63.799999,5.9999999E-2,20.01,0.0,-2.3199999,8.0,-278.39999,56
9,8295,2644,2776297,2644,293676933675159,20628,48,7600,42.279449,-83.751183,213.5,9.04,63.462502,-0.18000001,20.01,0.0,-3.1700001,8.0,-284.70001,42
9,8295,2644,2776297,2644,293676933775131,20628,49,7700,42.279449,-83.751167,213.5,9.0200005,64.0,-0.25999999,20.01,0.0,-1.92,8.0,-289.29999,52
9,8295,2644,2776297,2644,293676933875099,20628,50,7800,42.279449,-83.75116,213.5,9.0200005,63.5,-0.25,20.01,0.0,-1.92,8.0,-292.29999,82
9,8295,2644,2776297,2644,293676933975192,20628,51,7900,42.279461,-83.751152,213.5,9.1000004,64.150002,-0.1,20.01,0.0,-0.27000001,8.0,-303.70001,46
9,8295,2644,2776297,2644,293676934075166,20628,52,8000,42.279461,-83.751137,213.5,9.0200005,64.162498,-0.15000001,20.01,0.0,0.62,8.0,-329.39999,37
9,8295,2644,2776297,2644,293676934175196,20628,53,8100,42.279461,-83.751129,213.60001,8.9799995,62.9375,-0.2,20.01,0.0,-1.4400001,8.0,-354.29999,49
9,8295,2644,2776297,2644,293676934275159,20628,54,8200,42.279469,-83.751122,213.60001,8.96,63.549999,-0.22,20.01,0.0,-1.0,8.0,-381.5,76
9,8295,2644,2776297,2644,293676934375168,20628,55,8300,42.279469,-83.751106,213.60001,8.9200001,63.424999,-0.25,20.01,0.0,-0.81,8.0,-412.29999,88
9,8295,2644,2776297,2644,293676934475256,20628,56,8400,42.27948,-83.751106,213.60001,8.8800001,62.875,-0.28,20.01,0.0,-1.64,9.0,-435.5,71
9,8295,2644,2776297,2644,293676934575177,20628,57,8500,42.27948,-83.751091,213.60001,8.8800001,63.375,-0.25,20.01,0.0,-0.75,9.0,-461.89999,91
9,8295,2644,2776297,2644,293676934675202,20628,58,8600,42.27948,-83.751083,213.60001,8.8800001,63.0,-0.19,20.01,0.0,-0.88,9.0,-488.89999,98
9,8295,2644,2776297,2644,293676934775235,20628,59,8700,42.279491,-83.751083,213.60001,8.7799997,62.349998,-0.28999999,20.01,0.0,-2.05,9.0,-495.20001,56
9,8295,2644,2776297,2644,293676934875190,20628,60,8800,42.279491,-83.75106,213.60001,8.9399996,63.762501,-5.0000001E-2,20.01,0.0,0.51999998,9.0,-528.09998,55
9,8295,2644,2776297,2644,293676934975238,20628,61,8900,42.279499,-83.751053,213.7,8.8599997,63.287498,-7.9999998E-2,20.01,0.0,0.75999999,9.0,-596.40002,42
9,8295,2644,2776297,2644,293676935075205,20628,62,9000,42.279499,-83.751053,213.7,8.8999996,64.0,-9.9999998E-3,20.01,0.0,2.1099999,9.0,-767.5,35
9,8295,2644,2776297,2644,293676935175215,20628,63,9100,42.279499,-83.751038,213.7,8.9399996,63.512501,7.9999998E-2,20.01,0.0,1.4299999,9.0,-1158.3,38
9,8295,2644,2776297,2644,293676935275218,20628,64,9200,42.27951,-83.751022,213.7,9.0,63.849998,0.19,20.01,0.0,1.48,9.0,3276.7,43
9,8295,2644,2776297,2644,293676935375250,20628,65,9300,42.27951,-83.751007,213.7,9.0,64.4375,0.18000001,20.01,0.0,2.3399999,9.0,3276.7,43
9,8295,2644,2776297,2644,293676935475246,20628,66,9400,42.27951,-83.751007,213.7,8.9399996,63.862499,0.07,20.01,0.0,1.2,9.0,1454.3,76
9,8295,2644,2776297,2644,293676935575237,20628,67,9500,42.279518,-83.750992,213.8,9.1000004,64.287498,0.25999999,20.01,0.0,1.22,9.0,863.09998,90
9,8295,2644,2776297,2644,293676935675239,20628,68,9600,42.279518,-83.750977,213.8,9.1000004,64.900002,0.28,20.01,0.0,2.1800001,9.0,609.90002,88
9,8295,2644,2776297,2644,293676935775229,20628,69,9700,42.27953,-83.750977,213.8,9.0200005,66.0,0.13,20.01,0.0,4.4000001,9.0,442.39999,39
9,8295,2644,2776297,2644,293676935875208,20628,70,9800,42.27953,-83.750961,213.89999,9.1599998,66.25,0.27000001,20.01,0.0,5.1199999,9.0,331.70001,34
9,8295,2644,2776297,2644,293676935975276,20628,71,9900,42.27953,-83.750954,213.89999,9.1999998,66.949997,0.34,20.01,0.0,5.8400002,9.0,256.70001,31
9,8295,2644,2776297,2644,293676936075250,20628,72,10000,42.27953,-83.750954,214.0,9.2399998,67.587502,0.37,20.01,0.0,6.29,9.0,205.10001,32
9,8295,2644,2776297,2644,293676936175249,20628,73,10100,42.279541,-83.750931,214.0,9.1999998,67.474998,0.25999999,20.01,0.0,5.0700002,9.0,171.8,42
9,8295,2644,2776297,2644,293676936275283,20628,74,10200,42.279541,-83.750923,214.0,9.2200003,68.487503,0.23,20.01,0.0,5.4400001,9.0,148.5,54
9,8295,2644,2776297,2644,293676936375219,20628,75,10300,42.279541,-83.750923,214.10001,9.2399998,69.349998,0.19,20.01,0.0,6.2600002,9.0,131.0,53
9,8295,2644,2776297,2644,293676936475248,20628,76,10400,42.279541,-83.7509,214.10001,9.3199997,69.375,0.28,20.01,0.0,5.4899998,9.0,118.3,92
9,8295,2644,2776297,2644,293676936575265,20628,77,10500,42.279549,-83.750893,214.2,9.4200001,70.25,0.41,20.01,0.0,5.73,9.0,109.0,96
9,8295,2644,2776297,2644,293676936675223,20628,78,10600,42.279549,-83.750877,214.2,9.3400002,71.237503,0.27000001,20.01,0.0,6.6599998,9.0,101.3,72
9,8295,2644,2776297,2644,293676936775200,20628,79,10700,42.27956,-83.75087,214.3,9.3599997,70.837502,0.20999999,20.01,0.0,5.04,9.0,96.099998,74
9,8295,2644,2776297,2644,293676936875290,20628,80,10800,42.27956,-83.750862,214.3,9.3999996,71.6875,0.22,20.01,0.0,4.9099998,10.0,92.599998,50
9,8295,2644,2776297,2644,293676936975275,20628,81,10900,42.27956,-83.750847,214.39999,9.4200001,72.449997,0.23999999,20.01,0.0,5.3699999,10.0,90.300003,63
9,8295,2644,2776297,2644,293676937075252,20628,82,11000,42.27956,-83.750839,214.39999,9.3999996,72.900002,0.18000001,20.01,0.0,5.4299998,10.0,88.800003,80
9,8295,2644,2776297,2644,293676937175252,20628,83,11100,42.27956,-83.750816,214.5,9.4799995,73.224998,0.23,20.01,0.0,5.04,10.0,88.099998,77
9,8295,2644,2776297,2644,293676937275284,20628,84,11200,42.279572,-83.750816,214.5,9.4399996,73.599998,0.18000001,20.01,0.0,4.5900002,10.0,88.400002,62
9,8295,2644,2776297,2644,293676937375268,20628,85,11300,42.279572,-83.750801,214.60001,9.54,74.262497,0.25999999,20.01,0.0,4.77,10.0,89.300003,70
9,8295,2644,2776297,2644,293676937475272,20628,86,11400,42.279572,-83.750793,214.60001,9.4799995,74.849998,0.17,20.01,0.0,5.0599999,10.0,90.5,90
9,8295,2644,2776297,2644,293676937575272,20628,87,11500,42.279579,-83.750778,214.7,9.5,75.75,0.13,20.01,0.0,6.0,10.0,91.599998,60
9,8295,2644,2776297,2644,293676937675252,20628,88,11600,42.279579,-83.750771,214.7,9.3999996,76.224998,-2.9999999E-2,20.01,0.0,6.1999998,10.0,92.199997,47
9,8295,2644,2776297,2644,293676937775570,20628,89,11700,42.279579,-83.750763,214.8,9.3000002,77.0,-0.25,20.01,0.0,6.6100001,10.0,92.300003,44
9,8295,2644,2776297,2644,293676937875596,20628,90,11800,42.279579,-83.750748,214.89999,9.2799997,77.050003,-0.31,20.01,0.0,5.6199999,10.0,92.5,67
9,8295,2644,2776297,2644,293676937975615,20628,91,11900,42.279579,-83.75074,214.89999,9.2399998,78.337502,-0.34999999,20.01,0.0,6.5300002,10.0,92.099998,60
9,8295,2644,2776297,2644,293676938075274,20628,92,12000,42.279579,-83.750717,214.89999,9.0799999,78.300003,-0.56999999,20.01,0.0,5.6500001,10.0,91.900002,100
9,8295,2644,2776297,2644,293676938175261,20628,93,12100,42.279579,-83.750717,215.0,9.0,78.787498,-0.68000001,20.01,0.0,5.0500002,10.0,92.0,57
9,8295,2644,2776297,2644,293676938275271,20628,94,12200,42.279591,-83.750702,215.0,8.8999996,79.300003,-0.76999998,20.01,0.0,4.7800002,10.0,92.5,46
9,8295,2644,2776297,2644,293676938375260,20628,95,12300,42.279591,-83.750687,215.10001,8.8599997,80.262497,-0.74000001,20.01,0.0,5.5799999,10.0,92.800003,66
9,8295,2644,2776297,2644,293676938475260,20628,96,12400,42.279591,-83.750687,215.10001,8.7799997,80.849998,-0.73000002,20.01,0.0,6.04,10.0,92.800003,92
9,8295,2644,2776297,2644,293676938575275,20628,97,12500,42.279591,-83.750671,215.2,8.6999998,80.962502,-0.73000002,20.01,0.0,5.3000002,10.0,92.800003,97
9,8295,2644,2776297,2644,293676938675309,20628,98,12600,42.279591,-83.750664,215.3,8.5,81.599998,-0.92000002,20.01,0.0,5.1300001,11.0,92.800003,86
9,8295,2644,2776297,2644,293676938775304,20628,99,12700,42.279591,-83.750664,215.3,8.5799999,81.837502,-0.75999999,20.01,0.0,4.5100002,11.0,93.300003,59
9,8295,2644,2776297,2644,293676938875655,20628,100,12800,42.279591,-83.750641,215.39999,8.3999996,82.3125,-0.82999998,20.01,0.0,4.2600002,11.0,94.300003,48
9,8295,2644,2776297,2644,293676938975326,20628,101,12900,42.279591,-83.750633,215.5,8.2799997,82.050003,-0.93000001,20.01,0.0,2.78,11.0,96.599998,38
9,8295,2644,2776297,2644,293676939075317,20628,102,13000,42.279591,-83.750633,215.5,8.1800003,82.412498,-0.97000003,20.01,0.0,2.22,11.0,100.4,36
9,8295,2644,2776297,2644,293676939175319,20628,103,13100,42.279591,-83.75061,215.60001,8.04,84.099998,-1.05,20.01,0.0,4.79,11.0,103.6,76
9,8295,2644,2776297,2644,293676939275308,20628,104,13200,42.279591,-83.750603,215.60001,7.8600001,85.112503,-1.2,20.01,0.0,7.1199999,11.0,103.9,37
9,8295,2644,2776297,2644,293676939375314,20628,105,13300,42.279598,-83.750603,215.7,7.9400001,84.5,-0.94,20.01,0.0,5.6700001,11.0,103.1,38
9,8295,2644,2776297,2644,293676939475304,20628,106,13400,42.279598,-83.750587,215.8,7.8800001,84.625,-0.80000001,20.01,0.0,4.0999999,11.0,102.7,67
9,8295,2644,2776297,2644,293676939575610,20628,107,13500,42.279598,-83.750572,215.89999,7.8000002,85.087502,-0.75,20.01,0.0,3.4200001,11.0,103.1,56
9,8295,2644,2776297,2644,293676939675289,20628,108,13600,42.279598,-83.750557,216.0,7.6399999,85.512497,-0.86000001,20.01,0.0,3.25,11.0,104.3,44
9,8295,2644,2776297,2644,293676939775600,20628,109,13700,42.279598,-83.750557,216.10001,7.54,86.262497,-0.89999998,20.01,0.0,4.0,11.0,105.4,50
9,8295,2644,2776297,2644,293676939875307,20628,110,13800,42.279598,-83.750549,216.2,7.3600001,88.037498,-1.0700001,20.01,0.0,7.04,11.0,103.5,42
9,8295,2644,2776297,2644,293676939975649,20628,111,13900,42.279598,-83.750542,216.2,7.3400002,88.0625,-1.01,20.01,0.0,7.23,11.0,99.5,35
9,8295,2644,2776297,2644,293676940075314,20628,112,14000,42.279598,-83.750526,216.2,7.1999998,88.087502,-1.03,20.01,0.0,5.9499998,11.0,95.099998,40
9,8295,2644,2776297,2644,293676940175310,20628,113,14100,42.279598,-83.750519,216.3,6.98,89.650002,-1.22,20.01,-0.02,7.1999998,11.0,89.699997,39
9,8295,2644,2776297,2644,293676940275661,20628,114,14200,42.279598,-83.750511,216.5,6.9400001,90.0625,-1.17,20.01,0.0,7.23,11.0,84.099998,42
9,8295,2644,2776297,2644,293676940375656,20628,115,14300,42.279598,-83.750504,216.5,6.8400002,89.887497,-1.13,20.01,0.0,5.48,11.0,79.599998,94
9,8295,2644,2776297,2644,293676940475632,20628,116,14400,42.279598,-83.750504,216.5,6.6999998,90.150002,-1.15,20.01,0.0,4.0700002,11.0,76.699997,39
9,8295,2644,2776297,2644,293676940575582,20628,117,14500,42.279598,-83.750488,216.60001,6.6799998,91.3125,-1.02,20.01,0.0,4.8499999,11.0,74.699997,40
9,8295,2644,2776297,2644,293676940675595,20628,118,14600,42.279598,-83.750481,216.7,6.5799999,92.050003,-0.97000003,20.01,0.0,5.71,11.0,72.699997,50
9,8295,2644,2776297,2644,293676940775662,20628,119,14700,42.279598,-83.750473,216.7,6.5999999,93.0625,-0.75999999,20.01,0.0,7.0100002,12.0,70.5,62
9,8295,2644,2776297,2644,293676940875683,20628,120,14800,42.279598,-83.750473,216.8,6.5,93.300003,-0.70999998,20.01,0.0,6.73,12.0,68.099998,47
9,8295,2644,2776297,2644,293676940975657,20628,121,14900,42.279598,-83.750458,216.8,6.3400002,93.599998,-0.83999997,20.01,-0.02,5.8600001,12.0,66.099998,70
9,8295,2644,2776297,2644,293676941075695,20628,122,15000,42.279591,-83.75045,216.89999,6.1799998,93.5625,-1.0,20.01,0.0,4.23,12.0,65.099998,48
9,8295,2644,2776297,2644,293676941175665,20628,123,15100,42.279591,-83.750443,216.89999,6.0999999,93.349998,-1.01,20.01,-0.02,2.1700001,12.0,65.599998,33
9,8295,2644,2776297,2644,293676941275355,20628,124,15200,42.279591,-83.750427,216.89999,6.0999999,94.099998,-0.86000001,20.01,-3.9999999E-2,2.1900001,12.0,67.400002,30
9,8295,2644,2776297,2644,293676941375658,20628,125,15300,42.279591,-83.750427,217.0,5.8200002,93.412498,-1.11,20.01,-0.02,0.44,12.0,71.099998,26
9,8295,2644,2776297,2644,293676941475621,20628,126,15400,42.279591,-83.75042,217.0,5.7800002,93.412498,-1.09,20.01,-0.02,-0.5,12.0,77.599998,26
9,8295,2644,2776297,2644,293676941575689,20628,127,15500,42.279591,-83.750412,217.10001,5.7399998,92.849998,-0.97000003,20.01,0.0,-1.96,12.0,88.400002,24
9,8295,2644,2776297,2644,293676941675360,20628,0,15600,42.279591,-83.750397,217.10001,5.6399999,93.074997,-0.94,20.01,0.0,-1.87,12.0,105.8,28
9,8295,2644,2776297,2644,293676941775352,20628,1,15700,42.279591,-83.750397,217.10001,5.48,93.349998,-1.02,20.01,-0.02,-0.94,12.0,132.5,38
9,8295,2644,2776297,2644,293676941875356,20628,2,15800,42.279591,-83.750397,217.2,5.48,94.0625,-0.89999998,20.01,0.0,1.11,12.0,170.0,60
9,8295,2644,2776297,2644,293676941975352,20628,3,15900,42.279591,-83.750389,217.2,5.3600001,93.662498,-0.89999998,20.01,0.0,1.12,12.0,223.5,39
9,8295,2644,2776297,2644,293676942075350,20628,4,16000,42.279591,-83.750381,217.3,5.1799998,93.412498,-1.04,20.01,0.0,0.41999999,12.0,308.29999,41
9,8295,2644,2776297,2644,293676942175183,20628,5,16100,42.279591,-83.750366,217.3,5.0799999,93.462502,-1.04,20.01,0.0,0.41999999,12.0,454.70001,46
9,8295,2644,2776297,2644,293676942275343,20628,6,16200,42.279591,-83.750366,217.39999,5.0,93.662498,-1.21,20.01,0.0,0.47999999,12.0,742.40002,56
9,8295,2644,2776297,2644,293676942375373,20628,7,16300,42.279591,-83.750366,217.39999,4.9400001,94.287498,-1.1799999,20.01,0.0,1.63,12.0,1224.4,46
9,8295,2644,2776297,2644,293676942475349,20628,8,16400,42.279591,-83.750359,217.5,4.8800001,94.162498,-1.08,20.01,0.0,1.64,12.0,3276.7,46
9,8295,2644,2776297,2644,293676942575364,20628,9,16500,42.279591,-83.750351,217.5,4.8200002,93.375,-0.95999998,20.01,0.0,-0.20999999,12.0,3276.7,82
9,8295,2644,2776297,2644,293676942675353,20628,10,16600,42.279591,-83.750343,217.60001,4.6399999,93.662498,-1.03,20.01,0.0,-0.51999998,12.0,3276.7,46
9,8295,2644,2776297,2644,293676942775353,20628,11,16700,42.279591,-83.750343,217.60001,4.5799999,92.925003,-1.0,20.01,0.0,-2.01,12.0,3276.7,36
9,8295,2644,2776297,2644,293676942875348,20628,12,16800,42.279591,-83.750343,217.60001,4.48,93.900002,-0.99000001,20.01,0.0,-0.44999999,12.0,-1144.8,42
9,8295,2644,2776297,2644,293676942975336,20628,13,16900,42.279591,-83.750328,217.7,4.3800001,93.699997,-0.98000002,20.01,0.0,0.02,12.0,-842.40002,76
9,8295,2644,2776297,2644,293676943075355,20628,14,17000,42.279591,-83.750328,217.7,4.2600002,94.3125,-1.03,20.01,0.0,1.4400001,12.0,-837.5,46
9,8295,2644,2776297,2644,293676943175355,20628,15,17100,42.279591,-83.75032,217.7,4.1399999,94.412498,-1.0599999,20.01,-0.02,2.05,12.0,-1161.1,38
9,8295,2644,2776297,2644,293676943275355,20628,16,17200,42.279591,-83.750313,217.7,4.1599998,93.787498,-0.88,20.01,-3.9999999E-2,0.73000002,12.0,3276.7,45
9,8295,2644,2776297,2644,293676943375337,20628,17,17300,42.279591,-83.750313,217.8,4.0799999,92.699997,-0.80000001,20.01,-0.02,-2.1700001,12.0,3276.7,44
9,8295,2644,2776297,2644,293676943475350,20628,18,17400,42.279591,-83.750313,217.8,3.9000001,94.199997,-0.93000001,20.01,0.0,-0.27000001,12.0,3276.7,47
9,8295,2644,2776297,2644,293676943575353,20628,19,17500,42.279591,-83.750298,217.8,3.9400001,94.550003,-0.77999997,20.01,-0.02,1.41,12.0,3276.7,78
9,8295,2644,2776297,2644,293676943675338,20628,20,17600,42.279591,-83.750298,217.89999,3.9000001,93.699997,-0.64999998,20.01,0.0,0.28999999,12.0,3276.7,83
9,8295,2644,2776297,2644,293676943775331,20628,21,17700,42.279591,-83.75029,217.89999,3.8599999,92.650002,-0.56999999,20.01,0.0,-2.3599999,12.0,3276.7,41
9,8295,2644,2776297,2644,293676943875667,20628,22,17800,42.279591,-83.75029,217.89999,4.02,94.099998,-0.2,20.01,0.0,-0.38,12.0,3276.7,50
9,8295,2644,2776297,2644,293676943975352,20628,23,17900,42.279591,-83.750282,218.0,3.9400001,93.599998,-0.17,20.01,0.0,-0.28,12.0,3276.7,82
9,8295,2644,2776297,2644,293676944075671,20628,24,18000,42.279591,-83.750267,218.0,4.0999999,94.150002,0.1,20.01,0.0,0.88,12.0,3276.7,52
9,8295,2644,2776297,2644,293676944175359,20628,25,18100,42.279591,-83.750267,218.0,4.2199998,93.9375,0.38,20.01,0.0,0.86000001,12.0,3276.7,46
9,8295,2644,2776297,2644,293676944275349,20628,26,18200,42.279591,-83.750267,218.0,4.2399998,93.912498,0.46000001,20.01,0.0,0.63999999,12.0,3276.7,48
9,8295,2644,2776297,2644,293676944375310,20628,27,18300,42.279591,-83.750259,218.0,4.3200002,94.362503,0.50999999,20.01,-0.02,1.29,12.0,3276.7,46
9,8295,2644,2776297,2644,293676944475331,20628,28,18400,42.279579,-83.750259,218.10001,4.2800002,94.712502,0.41,20.01,0.0,2.04,12.0,1389.0,42
9,8295,2644,2776297,2644,293676944575664,20628,29,18500,42.279591,-83.750252,218.2,4.1599998,92.824997,0.12,20.01,0.0,-1.67,12.0,1098.8,47
9,8295,2644,2776297,2644,293676944675341,20628,30,18600,42.279579,-83.750237,218.2,4.0599999,93.449997,-0.14,20.01,0.0,-1.97,12.0,1352.7,36
9,8295,2644,2776297,2644,293676944775661,20628,31,18700,42.279579,-83.750237,218.3,3.9000001,95.037498,-0.44,20.01,0.0,1.36,12.0,1271.8,82
9,8295,2644,2776297,2644,293676944875661,20628,32,18800,42.279579,-83.750237,218.3,3.8,94.5,-0.66000003,20.01,0.0,1.6900001,12.0,939.29999,48
9,8295,2644,2776297,2644,293676944975690,20628,33,18900,42.279579,-83.750237,218.3,3.8,94.199997,-0.63,20.01,0.0,0.94,12.0,714.79999,49
9,8295,2644,2776297,2644,293676945075336,20628,34,19000,42.279579,-83.750229,218.3,3.6600001,94.9375,-0.72000003,20.01,0.0,1.83,12.0,521.59998,44
9,8295,2644,2776297,2644,293676945175656,20628,35,19100,42.279579,-83.750221,218.39999,3.6199999,94.612503,-0.70999998,20.01,0.0,1.28,12.0,403.5,50
9,8295,2644,2776297,2644,293676945275280,20628,36,19200,42.279579,-83.750221,218.39999,3.54,94.150002,-0.73000002,20.01,0.0,-0.14,12.0,355.0,73
9,8295,2644,2776297,2644,293676945375344,20628,37,19300,42.279579,-83.750214,218.39999,3.3399999,93.8125,-0.91000003,20.01,0.0,-1.47,12.0,366.70001,38
9,8295,2644,2776297,2644,293676945475346,20628,38,19400,42.279579,-83.750214,218.39999,3.3,94.462502,-0.93000001,20.01,-0.02,-0.56999999,12.0,407.0,40
9,8295,2644,2776297,2644,293676945575660,20628,39,19500,42.279579,-83.750214,218.39999,3.24,92.412498,-0.86000001,20.01,-0.02,-4.0100002,12.0,705.90002,29
9,8295,2644,2776297,2644,293676945675336,20628,40,19600,42.279579,-83.750214,218.39999,3.1199999,92.012497,-0.91000003,20.01,-0.02,-5.71,12.0,3276.7,22
9,8295,2644,2776297,2644,293676945775361,20628,41,19700,42.279579,-83.750198,218.5,3.26,92.574997,-0.56999999,20.01,0.0,-4.3400002,12.0,-341.89999,28
9,8295,2644,2776297,2644,293676945875368,20628,42,19800,42.279579,-83.750198,218.5,3.1800001,93.537498,-0.47,20.01,0.0,-0.94,12.0,-204.39999,94
9,8295,2644,2776297,2644,293676945975364,20628,43,19900,42.279579,-83.750191,218.60001,3.26,92.550003,-0.25,20.01,0.0,-1.01,12.0,-154.2,40
9,8295,2644,2776297,2644,293676946075358,20628,44,20000,42.279579,-83.750191,218.60001,3.3,93.949997,-5.9999999E-2,20.01,0.0,1.88,12.0,-139.0,26
9,8295,2644,2776297,2644,293676946175306,20628,45,20100,42.279579,-83.750183,218.60001,3.3399999,93.837502,0.07,20.01,0.0,2.73,12.0,-142.39999,20
9,8295,2644,2776297,2644,293676946275324,20628,46,20200,42.279579,-83.750183,218.60001,3.3399999,94.150002,0.11,20.01,0.0,3.24,12.0,-164.8,21
9,8295,2644,2776297,2644,293676946375365,20628,47,20300,42.279579,-83.750183,218.60001,3.1800001,94.150002,-0.13,20.01,0.0,2.8399999,12.0,-219.39999,28
9,8295,2644,2776297,2644,293676946475354,20628,48,20400,42.279579,-83.750183,218.7,3.1400001,91.9375,-0.25,20.01,0.0,-2.22,12.0,-276.5,47
9,8295,2644,2776297,2644,293676946575359,20628,49,20500,42.279579,-83.750168,218.7,3.1600001,91.912498,-0.23,20.01,0.0,-4.3299999,12.0,-281.10001,22
9,8295,2644,2776297,2644,293676946675360,20628,50,20600,42.279579,-83.750168,218.8,2.8599999,93.362503,-0.64999998,20.01,0.0,-1.6900001,12.0,-267.10001,28
9,8295,2644,2776297,2644,293676946775353,20628,51,20700,42.279579,-83.75016,218.7,2.8399999,92.587502,-0.73000002,20.01,0.0,-1.58,12.0,-244.0,36
9,8295,2644,2776297,2644,293676946875356,20628,52,20800,42.279579,-83.75016,218.7,2.8,92.737503,-0.69999999,20.01,-0.02,-0.93000001,12.0,-225.3,49
9,8295,2644,2776297,2644,293676946975360,20628,53,20900,42.279579,-83.750153,218.8,2.78,91.900002,-0.63999999,20.01,0.0,-2.04,12.0,-200.0,57
9,8295,2644,2776297,2644,293676947075337,20628,54,21000,42.279579,-83.750153,218.8,2.5,92.8125,-0.93000001,20.01,0.0,-0.41,12.0,-186.0,65
9,8295,2644,2776297,2644,293676947175318,20628,55,21100,42.279579,-83.750153,218.8,2.48,93.900002,-0.91000003,20.01,0.0,2.5899999,12.0,-205.3,32
9,8295,2644,2776297,2644,293676947275358,20628,56,21200,42.279579,-83.750137,218.8,2.4200001,92.212502,-0.87,20.01,0.0,0.27000001,12.0,-236.39999,36
9,8295,2644,2776297,2644,293676947375352,20628,57,21300,42.279579,-83.750137,218.8,2.26,92.637497,-0.94999999,20.01,0.0,-0.1,12.0,-277.79999,47
9,8295,2644,2776297,2644,293676947475358,20628,58,21400,42.279579,-83.750137,218.89999,2.22,91.712502,-0.91000003,20.01,0.0,-2.0599999,12.0,-283.60001,48
9,8295,2644,2776297,2644,293676947575353,20628,59,21500,42.279579,-83.750137,218.89999,2.0799999,91.787498,-0.97000003,20.01,0.0,-2.49,12.0,-246.10001,38
9,8295,2644,2776297,2644,293676947675352,20628,60,21600,42.279579,-83.750137,219.0,2.1800001,90.987503,-0.69,20.01,0.0,-3.78,12.0,-185.60001,32
9,8295,2644,2776297,2644,293676947775354,20628,61,21700,42.279579,-83.750137,219.0,1.96,92.449997,-0.81,20.01,0.0,-0.81,12.0,-153.7,48
9,8295,2644,2776297,2644,293676947875364,20628,62,21800,42.279579,-83.75013,219.0,1.8200001,92.5625,-0.95999998,20.01,0.0,1.02,12.0,-146.2,43
9,8295,2644,2776297,2644,293676947975361,20628,63,21900,42.279579,-83.75013,219.10001,1.8,91.699997,-0.89999998,20.01,0.0,5.9999999E-2,12.0,-145.89999,40
9,8295,2644,2776297,2644,293676948075341,20628,64,22000,42.279579,-83.75013,219.10001,1.74,89.900002,-0.83999997,20.01,0.0,-3.96,12.0,-125.1,46
9,8295,2644,2776297,2644,293676948175356,20628,65,22100,42.279579,-83.750122,219.10001,1.7,91.9375,-0.75,20.01,0.0,-1.1900001,12.0,-110.4,70
9,8295,2644,2776297,2644,293676948275348,20628,66,22200,42.279579,-83.750122,219.10001,1.4,91.699997,-1.04,20.01,0.0,-3.9999999E-2,12.0,-104.1,60
9,8295,2644,2776297,2644,293676948375359,20628,67,22300,42.279579,-83.750122,219.10001,1.5599999,91.650002,-0.75999999,20.01,-0.02,0.41,12.0,-104.6,43
9,8295,2644,2776297,2644,293676948475358,20628,68,22400,42.279579,-83.750122,219.10001,1.46,91.9375,-0.69,20.01,-0.02,1.12,12.0,-114.5,38
9,8295,2644,2776297,2644,293676948575364,20628,69,22500,42.279579,-83.750122,219.2,1.24,91.175003,-0.88,20.01,0.0,-0.22,12.0,-126.9,48
9,8295,2644,2776297,2644,293676948675359,20628,70,22600,42.279579,-83.750107,219.2,1.2,92.887497,-0.88999999,20.01,0.0,2.48,12.0,-176.2,38
9,8295,2644,2776297,2644,293676948775354,20628,71,22700,42.279579,-83.750107,219.2,1.24,91.387497,-0.69999999,20.01,0.0,0.41,12.0,-284.29999,50
9,8295,2644,2776297,2644,293676948875527,20628,72,22800,42.279579,-83.750107,219.2,1.08,91.387497,-0.75,20.01,0.0,-4.1999998,12.0,-251.0,32
9,8295,2644,2776297,2644,293676948975331,20628,73,22900,42.279579,-83.750107,219.2,1.0,91.387497,-0.77999997,20.01,0.0,-2.22,12.0,-180.0,32
9,8295,2644,2776297,2644,293676949075355,20628,74,23000,42.279579,-83.750107,219.2,0.83999997,91.387497,-0.89999998,20.01,-0.02,-1.01,12.0,3276.7,0
9,8295,2644,2776297,2644,293676949175349,20628,75,23100,42.279579,-83.750107,219.2,0.92000002,91.387497,-0.69999999,20.01,-0.02,0.81,12.0,3276.7,0
9,8295,2644,2776297,2644,293676949275357,20628,76,23200,42.279579,-83.750107,219.2,0.66000003,91.387497,-0.92000002,20.01,-0.02,1.3099999,12.0,3276.7,0
9,8295,2644,2776297,2644,293676949375347,20628,77,23300,42.279579,-83.750107,219.2,0.75999999,91.387497,-0.70999998,20.01,-0.02,-1.59,12.0,3276.7,0
9,8295,2644,2776297,2644,293676949475344,20628,78,23400,42.279579,-83.750107,219.10001,0.60000002,91.387497,-0.75999999,20.01,-3.9999999E-2,-4.52,12.0,3276.7,0
9,8295,2644,2776297,2644,293676949575339,20628,79,23500,42.279579,-83.750107,219.10001,0.5,91.387497,-0.80000001,20.01,-3.9999999E-2,3.8599999,12.0,3276.7,0
9,8295,2644,2776297,2644,293676949675340,20628,80,23600,42.279579,-83.750107,219.10001,0.40000001,91.387497,-0.85000002,20.01,-3.9999999E-2,-9.0200005,12.0,3276.7,0
9,8295,2644,2776297,2644,293676949775348,20628,81,23700,42.279579,-83.750107,219.10001,0.36000001,91.387497,-0.81,20.01,-0.02,-13.17,12.0,3276.7,0
9,8295,2644,2776297,2644,293676949875351,20628,82,23800,42.279579,-83.750107,219.10001,0.22,91.387497,-0.87,20.01,0.0,-4.7399998,12.0,3276.7,0
9,8295,2644,2776297,2644,293676949975301,20628,83,23900,42.279579,-83.750107,219.10001,0.14,91.387497,-0.89999998,20.01,0.0,-174.83,12.0,3276.7,0
9,8295,2644,2776297,2644,293676950075348,20628,84,24000,42.279579,-83.750107,219.10001,0.02,91.387497,-0.94999999,20.01,0.0,-224.78999,12.0,3276.7,0
9,8295,2644,2776297,2644,293676950175350,20628,85,24100,42.279579,-83.750107,219.2,5.9999999E-2,91.387497,-0.76999998,20.01,0.0,-205.62,12.0,3276.7,0
9,8295,2644,2776297,2644,293676950275336,20628,86,24200,42.279579,-83.750107,219.2,3.9999999E-2,91.387497,-0.62,20.01,0.0,-156.02,12.0,3276.7,0
9,8295,2644,2776297,2644,293676950375340,20628,87,24300,42.279579,-83.750107,219.2,0.02,91.387497,-0.47,20.01,0.0,-101.06,12.0,3276.7,0
9,8295,2644,2776297,2644,293676950475396,20628,88,24400,42.279579,-83.750107,219.2,0.02,91.387497,-0.36000001,20.01,0.0,-54.169998,12.0,3276.7,0
9,8295,2644,2776297,2644,293676950575339,20628,89,24500,42.279579,-83.750107,219.2,0.02,91.387497,-0.25999999,20.01,0.0,-20.42,12.0,3276.7,0
9,8295,2644,2776297,2644,293676950675339,20628,90,24600,42.279579,-83.750107,219.2,0.02,91.387497,-0.18000001,20.01,0.0,0.23999999,12.0,3276.7,0
9,8295,2644,2776297,2644,293676950775349,20628,91,24700,42.279579,-83.750107,219.2,0.0,91.387497,-0.16,20.01,0.0,10.41,12.0,3276.7,0
9,8295,2644,2776297,2644,293676950875328,20628,92,24800,42.279579,-83.750107,219.2,0.02,91.387497,-0.11,20.01,0.0,13.4,12.0,3276.7,0
9,8295,2644,2776297,2644,293676950975346,20628,93,24900,42.279579,-83.750107,219.2,0.0,91.387497,-9.0000004E-2,20.01,0.0,12.26,12.0,3276.7,0
9,8295,2644,2776297,2644,293676951075342,20628,94,25000,42.279579,-83.750107,219.2,0.02,91.387497,-2.9999999E-2,20.01,0.0,9.3100004,12.0,3276.7,0
9,8295,2644,2776297,2644,293676951175354,20628,95,25100,42.279579,-83.750107,219.3,0.0,91.387497,-2.9999999E-2,20.01,0.0,6.0300002,12.0,3276.7,0
9,8295,2644,2776297,2644,293676951275342,20628,96,25200,42.279579,-83.750107,219.3,0.0,91.387497,-2.9999999E-2,20.01,0.0,3.23,12.0,3276.7,0
9,8295,2644,2776297,2644,293676951375340,20628,97,25300,42.279579,-83.750107,219.3,0.0,91.387497,-2.9999999E-2,20.01,0.0,1.22,12.0,3276.7,0
9,8295,2644,2776297,2644,293676951475345,20628,98,25400,42.279579,-83.750107,219.3,0.0,91.387497,-9.9999998E-3,20.01,0.0,-9.9999998E-3,12.0,3276.7,0
9,8295,2644,2776297,2644,293676951575344,20628,99,25500,42.279579,-83.750107,219.3,5.9999999E-2,91.387497,5.9999999E-2,20.01,0.0,-0.61000001,12.0,3276.7,0
9,8295,2644,2776297,2644,293676951675336,20628,100,25600,42.279579,-83.750107,219.3,0.1,91.387497,0.15000001,20.01,0.0,-0.79000002,12.0,3276.7,0
9,8295,2644,2776297,2644,293676951775327,20628,101,25700,42.279579,-83.750107,219.39999,7.9999998E-2,91.387497,0.14,20.01,0.0,-0.73000002,12.0,3276.7,0
9,8295,2644,2776297,2644,293676951875350,20628,102,25800,42.279579,-83.750107,219.39999,0.12,91.387497,0.16,20.01,0.0,-0.55000001,12.0,3276.7,0
9,8295,2644,2776297,2644,293676951975335,20628,103,25900,42.279579,-83.750107,219.39999,0.1,91.387497,0.12,20.01,0.0,-0.36000001,12.0,3276.7,0
9,8295,2644,2776297,2644,293676952075335,20628,104,26000,42.279579,-83.750107,219.3,3.9999999E-2,91.387497,0.0,20.01,0.0,-0.19,12.0,3276.7,0
9,8295,2644,2776297,2644,293676952175148,20628,105,26000,42.279579,-83.750107,219.3,3.9999999E-2,91.387497,0.0,20.01,0.0,-0.19,12.0,3276.7,0
9,8295,2644,2776297,2644,293676952275367,20628,106,26200,42.279579,-83.750107,219.2,7.9999998E-2,91.387497,0.0,20.01,-5.9999999E-2,-0.07,12.0,3276.7,0
9,8295,2644,2776297,2644,293676952375342,20628,107,26300,42.279579,-83.750107,219.2,0.14,91.387497,9.0000004E-2,20.01,-5.9999999E-2,0.0,12.0,3276.7,0
9,8295,2644,2776297,2644,293676952475344,20628,108,26400,42.279579,-83.750107,219.10001,0.23999999,91.387497,0.27000001,20.01,-7.9999998E-2,164.17999,12.0,3276.7,0
9,8295,2644,2776297,2644,293676952575321,20628,109,26500,42.279579,-83.750107,219.10001,0.36000001,91.387497,0.46000001,20.01,-7.9999998E-2,223.47,12.0,3276.7,0
9,8295,2644,2776297,2644,293676952675772,20628,110,26600,42.279579,-83.750107,219.0,0.51999998,91.387497,0.72000003,20.01,-5.9999999E-2,203.09,12.0,3276.7,0
9,8295,2644,2776297,2644,293676952775354,20628,111,26700,42.279579,-83.750107,218.89999,0.89999998,91.387497,1.27,20.01,-7.9999998E-2,162.02,12.0,3276.7,0
9,8295,2644,2776297,2644,293676952875349,20628,112,26800,42.279572,-83.750107,218.89999,0.98000002,91.387497,1.4,20.01,-5.9999999E-2,110.54,12.0,3276.7,0
9,8295,2644,2776297,2644,293676952975349,20628,113,26900,42.279572,-83.750107,218.8,1.24,91.387497,1.63,20.01,-3.9999999E-2,68.230003,12.0,38.200001,0
9,8295,2644,2776297,2644,293676953075399,20628,114,27000,42.279572,-83.750107,218.8,1.16,91.387497,1.34,20.01,-0.02,29.280001,12.0,15.2,0
9,8295,2644,2776297,2644,293676953175347,20628,115,27100,42.279572,-83.750107,218.7,1.3200001,91.387497,1.29,20.01,-0.02,10.73,12.0,9.8999996,0
9,8295,2644,2776297,2644,293676953275435,20628,116,27200,42.279572,-83.750099,218.7,1.4,93.762497,1.1799999,20.01,0.0,-1.26,12.0,8.1000004,0
9,8295,2644,2776297,2644,293676953375340,20628,117,27200,42.279572,-83.750099,218.7,1.4,93.762497,1.1799999,20.01,0.0,-1.26,12.0,7.1999998,0
9,8295,2644,2776297,2644,293676953475350,20628,118,27300,42.279572,-83.750099,218.60001,1.4,95.3125,0.97000003,20.01,0.0,-3.9200001,12.0,7.0,0
9,8295,2644,2776297,2644,293676953575319,20628,119,27400,42.279572,-83.750099,218.60001,1.58,90.650002,1.02,20.01,0.0,-13.57,12.0,7.3000002,0
9,8295,2644,2776297,2644,293676953675823,20628,120,27600,42.279572,-83.750092,218.60001,1.72,93.6875,1.09,20.01,0.0,-9.7700005,12.0,8.1000004,0
9,8295,2644,2776297,2644,293676953775372,20628,121,27700,42.279572,-83.750092,218.60001,1.86,90.800003,1.15,20.01,0.0,-11.61,12.0,9.5,0
9,8295,2644,2776297,2644,293676953875323,20628,122,27800,42.279572,-83.750092,218.60001,2.04,90.0,1.29,20.01,0.0,-11.81,12.0,12.0,0
9,8295,2644,2776297,2644,293676953975359,20628,123,27900,42.279572,-83.750076,218.60001,2.22,88.775002,1.42,20.01,0.0,-12.01,12.0,16.799999,24
9,8295,2644,2776297,2644,293676954075816,20628,124,28000,42.279572,-83.750076,218.5,2.3199999,90.900002,1.39,20.01,0.0,-5.6199999,12.0,26.9,34
9,8295,2644,2776297,2644,293676954175390,20628,125,28100,42.279572,-83.750076,218.5,2.46,90.324997,1.39,20.01,0.0,-5.6199999,12.0,60.200001,16
9,8295,2644,2776297,2644,293676954275815,20628,126,28200,42.279572,-83.750076,218.5,2.6800001,92.150002,1.71,20.01,0.0,1.0599999,12.0,3276.7,0
9,8295,2644,2776297,2644,293676954375813,20628,127,28300,42.279572,-83.750076,218.5,2.8800001,92.5625,1.87,20.01,0.0,4.98,12.0,-80.699997,0
9,8295,2644,2776297,2644,293676954475339,20628,0,28400,42.279572,-83.750069,218.5,2.9000001,93.25,1.67,20.01,0.0,7.27,12.0,-49.200001,0
9,8295,2644,2776297,2644,293676954575354,20628,1,28500,42.279572,-83.750069,218.5,3.0599999,93.0,1.59,20.01,0.0,6.52,12.0,-40.5,0
9,8295,2644,2776297,2644,293676954675346,20628,2,28600,42.279572,-83.750061,218.5,3.22,93.650002,1.59,20.01,0.0,6.52,12.0,-38.299999,8
9,8295,2644,2776297,2644,293676954775357,20628,3,28700,42.279572,-83.750061,218.5,3.1199999,92.412498,1.42,20.01,0.0,3.72,12.0,-39.0,37
9,8295,2644,2776297,2644,293676954875343,20628,4,28800,42.279572,-83.750053,218.5,3.26,92.349998,1.34,20.01,0.0,1.47,12.0,-41.5,36
9,8295,2644,2776297,2644,293676954975354,20628,5,28900,42.279572,-83.750053,218.5,3.2,92.5625,1.04,20.01,0.0,0.5,12.0,-45.599998,22
9,8295,2644,2776297,2644,293676955075783,20628,6,29000,42.279572,-83.750053,218.5,3.22,92.0,0.80000001,20.01,0.0,-1.16,12.0,-50.799999,14
9,8295,2644,2776297,2644,293676955175372,20628,7,29100,42.279572,-83.750053,218.39999,3.3,91.887497,0.80000001,20.01,0.0,-1.16,12.0,-57.5,18
9,8295,2644,2776297,2644,293676955275753,20628,8,29200,42.279572,-83.750038,218.39999,3.0799999,91.150002,0.37,20.01,0.0,-3.4200001,12.0,-63.900002,16
9,8295,2644,2776297,2644,293676955375357,20628,9,29300,42.279572,-83.750038,218.5,3.1400001,92.787498,0.23999999,20.01,0.0,-0.68000001,12.0,-72.300003,33
9,8295,2644,2776297,2644,293676955475320,20628,10,29400,42.279572,-83.750038,218.39999,2.96,91.037498,-0.1,20.01,0.0,-2.6099999,12.0,-80.300003,37
9,8295,2644,2776297,2644,293676955575794,20628,11,29500,42.279572,-83.750031,218.39999,3.0999999,91.037498,0.0,20.01,0.0,-3.0599999,12.0,-87.0,40
9,8295,2644,2776297,2644,293676955675357,20628,12,29600,42.279572,-83.750031,218.39999,3.0999999,90.724998,0.0,20.01,0.0,-3.0599999,12.0,-91.5,46
9,8295,2644,2776297,2644,293676955775347,20628,13,29600,42.279572,-83.750031,218.39999,2.96,89.900002,-0.19,20.01,0.0,-4.9000001,12.0,-90.099998,39
9,8295,2644,2776297,2644,293676955875350,20628,14,29800,42.279572,-83.750023,218.39999,2.9400001,90.987503,-0.23999999,20.01,0.0,-2.73,12.0,-87.599998,75
9,8295,2644,2776297,2644,293676955975353,20628,15,29900,42.279572,-83.750023,218.39999,2.9000001,91.824997,-0.28999999,20.01,0.0,0.50999999,12.0,-89.599998,35
9,8295,2644,2776297,2644,293676956075355,20628,16,30000,42.279572,-83.750023,218.39999,2.9400001,89.849998,-0.20999999,20.01,0.0,-1.8200001,12.0,-91.300003,38
9,8295,2644,2776297,2644,293676956175353,20628,17,30100,42.279572,-83.750008,218.5,3.02,89.0,-0.02,20.01,0.0,-4.2800002,12.0,-88.900002,79
9,8295,2644,2776297,2644,293676956275776,20628,18,30200,42.279572,-83.750008,218.5,3.0799999,89.837502,0.13,20.01,0.0,-3.04,12.0,-85.5,64
9,8295,2644,2776297,2644,293676956375742,20628,19,30300,42.279572,-83.75,218.5,3.1600001,90.875,0.28999999,20.01,0.0,0.19,12.0,-86.099998,42
9,8295,2644,2776297,2644,293676956475350,20628,20,30400,42.279572,-83.75,218.5,3.28,90.75,0.47999999,20.01,0.0,1.52,12.0,-92.0,31
9,8295,2644,2776297,2644,293676956575357,20628,21,30500,42.279572,-83.749992,218.5,3.4000001,90.0,0.67000002,20.01,0.0,0.38999999,12.0,-101.7,34
9,8295,2644,2776297,2644,293676956675360,20628,22,30600,42.279572,-83.749992,218.5,3.46,90.037498,0.67000002,20.01,0.0,0.38999999,12.0,-116.3,39
9,8295,2644,2776297,2644,293676956775352,20628,23,30600,42.279572,-83.749992,218.5,3.54,90.625,0.83999997,20.01,0.0,0.99000001,12.0,-140.0,42
9,8295,2644,2776297,2644,293676956875373,20628,24,30800,42.279572,-83.749977,218.5,3.54,89.550003,0.77999997,20.01,0.0,-0.99000001,12.0,-169.3,82
