12_14606.txt_A,202.742240,23.289442,3.012197,2.962553,-0.044141,0.725645,20.010000,0.000000
12_14606.txt_B,176.577794,85.243622,3.920202,2.974481,0.016086,0.720418,20.010000,0.000000
12_15796.txt_A,194.178107,83.070672,5.009741,3.694952,0.024078,0.666680,20.010000,0.000000
12_15796.txt_B,220.516151,70.812862,7.379772,4.631470,-0.003629,0.722329,20.010000,0.000000
15_124328.txt_A,222.234096,67.130852,7.355793,4.464307,-0.004548,0.749243,20.010000,0.000000
15_124328.txt_B,223.425151,60.890483,6.855584,4.390227,-0.014509,0.803744,20.010000,0.000000
17_33587.txt_A,223.073387,55.597858,6.837339,4.841017,0.003693,0.791689,20.010000,0.000000
17_33587.txt_B,214.852812,57.790119,6.741201,4.510411,0.003523,0.799540,20.010000,0.000000
17_34990.txt_A,215.878805,61.088322,7.354451,4.883428,-0.007850,0.791433,18.745230,4.867828
17_34990.txt_B,216.350851,59.679559,7.263608,4.908353,-0.018443,0.797799,17.861031,6.193651
17_43505.txt_A,222.039205,55.037109,7.620836,5.035157,-0.003394,0.772546,14.272071,9.046256
17_43505.txt_B,235.530245,50.265535,10.022621,6.284125,-0.011369,0.696562,10.529053,9.986520
17_43506.txt_A,237.898081,46.734874,10.573529,6.618921,-0.008593,0.748550,8.453541,10.254257
17_43506.txt_B,240.669867,44.409193,10.515559,6.513686,-0.013552,0.791048,5.870577,11.447820
18_10730.txt_A,240.825665,44.037422,10.084703,6.579002,-0.013834,0.778642,4.871628,11.725708
18_10730.txt_B,240.479815,45.847832,9.840855,6.625174,-0.010390,0.778463,4.392030,11.826868
18_12653.txt_A,236.607799,48.608996,9.772381,6.610098,-0.013235,0.782592,4.045906,11.887325
18_12653.txt_B,228.510679,51.074646,9.845135,6.576263,-0.008652,0.781643,2.983750,12.008842
18_12811.txt_A,226.470527,51.406531,10.011472,6.614568,-0.010986,0.777590,2.698434,12.025301
18_12811.txt_B,218.113029,53.849926,9.998615,6.752970,-0.009190,0.783287,1.780183,12.032279
20_23024.txt_A,217.802731,53.859009,10.059149,6.791900,-0.013658,0.787189,1.060579,11.988690
20_23024.txt_B,220.595333,55.097801,10.111855,6.768708,-0.016893,0.790768,0.843248,11.966990
20_24082.txt_A,224.497484,55.907756,9.912135,6.838580,-0.014555,0.793359,0.412617,11.912168
20_24082.txt_B,227.791197,55.645156,10.221478,6.991505,-0.011995,0.794502,-0.068106,11.832172
6_1146.txt_A,230.122906,56.026908,10.322015,6.998227,-0.015030,0.807562,-0.299954,11.786389
6_1146.txt_B,232.059251,55.954942,10.168406,6.954457,-0.015637,0.810145,-0.738108,11.686827
6_14739.txt_A,231.268476,55.781367,10.037389,6.996371,-0.012954,0.806974,-0.869625,11.653562
6_14739.txt_B,228.321982,56.996763,10.025227,6.975263,-0.013218,0.805597,-1.059030,11.602869
9_9212.txt_A,225.272385,58.205148,9.818444,7.041844,-0.014989,0.800156,-1.250654,11.548195
9_9212.txt_B,226.795475,59.708477,9.698300,7.062960,-0.011270,0.798395,-1.461927,11.483907





12_14606.txt_A,12_14606.txt_B,0.99599,1
12_15796.txt_A,15_124328.txt_B,0.841631,0
15_124328.txt_A,17_33587.txt_B,0.989778,0
17_33587.txt_A,17_34990.txt_B,0.986281,0
17_34990.txt_A,17_34990.txt_B,0.994922,1
17_43505.txt_A,17_34990.txt_B,0.974816,0
17_43506.txt_A,18_10730.txt_B,0.999056,0
18_10730.txt_A,18_12653.txt_B,0.999584,0
18_12653.txt_A,18_10730.txt_B,0.997724,0
18_12811.txt_A,18_10730.txt_B,0.998399,0
20_23024.txt_A,20_23024.txt_B,0.996585,1
20_24082.txt_A,20_23024.txt_B,0.989783,0
6_1146.txt_A,20_24082.txt_B,0.999039,0
6_14739.txt_A,20_24082.txt_B,0.999304,0
9_9212.txt_A,9_9212.txt_B,0.99701,1

0.266667
