18,12458,52,4328063,52,292098108252611,21319,120,22100,42.281281,-83.743553,226.2,13.8,273.5625,-0.87,-0.38999999,-10.0,1.21,3.0,1287.9,86
18,12458,52,4328063,52,292098108352610,21319,121,22200,42.281288,-83.743568,226.10001,13.76,274.0,-1.03,-0.16,-10.0,1.22,3.0,1177.1,88
18,12458,52,4328063,52,292098108452622,21319,122,22300,42.281288,-83.743584,226.10001,13.76,273.95001,-0.87,-0.23,-10.0,1.21,3.0,1087.2,91
18,12458,52,4328063,52,292098108552674,21319,123,22400,42.281288,-83.743599,226.10001,13.74,274.11249,-0.94999999,-0.23,-10.0,1.26,3.0,1011.7,92
18,12458,52,4328063,52,292098108652611,21319,124,22500,42.281288,-83.743607,226.10001,13.68,274.04999,-0.94999999,-0.23,-10.0,1.12,3.0,953.70001,98
18,12458,52,4328063,52,292098108752611,21319,125,22600,42.281288,-83.743637,226.0,13.66,274.14999,-0.87,-0.16,-10.0,1.2,3.0,905.79999,98
18,12458,52,4328063,52,292098108852608,21319,126,22700,42.281288,-83.743652,226.0,13.62,274.625,-1.03,-0.16,-10.0,1.37,3.0,860.90002,92
18,12458,52,4328063,52,292098108952621,21319,127,22800,42.281288,-83.743668,226.0,13.6,274.29999,-0.94999999,-7.9999998E-2,-10.0,1.35,3.0,821.09998,92
18,12458,52,4328063,52,292098109052611,21319,0,22900,42.281288,-83.743683,225.89999,13.54,274.70001,-1.03,-0.16,-10.0,1.23,3.0,789.09998,98
18,12458,52,4328063,52,292098109152612,21319,1,23000,42.2813,-83.743698,225.89999,13.52,274.60001,-0.87,-0.23,-10.0,1.0,3.0,767.90002,94
18,12458,52,4328063,52,292098109252698,21319,2,23100,42.2813,-83.743713,225.89999,13.48,274.64999,-1.03,-0.16,-10.0,0.91000003,3.0,756.09998,88
18,12458,52,4328063,52,292098109352611,21319,3,23200,42.2813,-83.743736,225.8,13.46,275.01251,-0.87,-0.16,-10.0,0.72000003,3.0,754.79999,82
18,12458,52,4328063,52,292098109452624,21319,4,23300,42.2813,-83.743752,225.8,13.4,274.75,-0.94999999,-0.16,-10.0,0.49000001,3.0,765.5,76
18,12458,52,4328063,52,292098109552705,21319,5,23400,42.2813,-83.743767,225.8,13.36,274.8125,-0.87,-0.16,-10.0,0.81,4.0,777.5,86
18,12458,52,4328063,52,292098109652616,21319,6,23500,42.2813,-83.743782,225.8,13.32,274.95001,-0.94999999,-0.23,-10.0,0.50999999,4.0,797.09998,84
18,12458,52,4328063,52,292098109752620,21319,7,23600,42.2813,-83.743797,225.7,13.32,275.04999,-0.54000002,-0.23,-10.0,0.40000001,4.0,825.59998,82
18,12458,52,4328063,52,292098109852694,21319,8,23700,42.2813,-83.743813,225.7,13.3,275.35001,-0.72000003,-0.47,-10.0,0.43000001,4.0,860.20001,84
18,12458,52,4328063,52,292098109952618,21319,9,23800,42.2813,-83.743828,225.7,13.3,275.21249,-0.47,-0.23,-10.0,0.49000001,4.0,897.90002,90
18,12458,52,4328063,52,292098110052621,21319,10,23900,42.2813,-83.743843,225.60001,13.26,275.46249,-0.47,-7.9999998E-2,-10.0,0.28,4.0,944.59998,87
18,12458,52,4328063,52,292098110152619,21319,11,24000,42.281311,-83.743874,225.60001,13.3,275.58749,-0.63999999,-7.9999998E-2,-10.0,-2.9999999E-2,4.0,1012.0,78
18,12458,52,4328063,52,292098110252682,21319,12,24225,42.281311,-83.743896,225.5,13.3,275.48749,-0.63999999,0.0,-10.0,-0.81,4.0,1137.4,55
18,12458,52,4328063,52,292098110352626,21319,13,24200,42.281311,-83.743896,225.5,13.32,275.91251,-0.47,0.0,-10.0,-1.13,4.0,1361.3,48
18,12458,52,4328063,52,292098110452695,21319,14,24300,42.281311,-83.743912,225.39999,13.24,276.11249,-0.72000003,0.23999999,-10.0,-1.51,4.0,1803.0,47
18,12458,52,4328063,52,292098110552618,21319,15,24400,42.281311,-83.743927,225.3,13.38,275.5625,-0.63999999,0.47,-10.0,-1.84,4.0,3276.7,46
18,12458,52,4328063,52,292098110652620,21319,16,24500,42.281311,-83.743942,225.3,13.4,275.60001,-0.63999999,0.23999999,-10.0,-1.83,4.0,3276.7,48
18,12458,52,4328063,52,292098110752617,21319,17,24600,42.281311,-83.743958,225.2,13.4,275.46249,-0.63999999,0.55000001,-10.0,-1.5,4.0,3276.7,64
18,12458,52,4328063,52,292098110852695,21319,18,24700,42.281311,-83.743973,225.10001,13.46,274.97501,-0.63999999,0.47,-10.0,-1.62,4.0,3276.7,74
18,12458,52,4328063,52,292098110952632,21319,19,24800,42.281311,-83.744003,225.10001,13.46,274.86249,-0.63999999,0.40000001,-10.0,-1.6900001,4.0,-1995.9,80
18,12458,52,4328063,52,292098111052683,21319,20,24900,42.281311,-83.744011,225.0,13.46,274.9375,-0.54000002,0.47,-10.0,-1.6,4.0,-1464.2,88
18,12458,52,4328063,52,292098111152632,21319,21,25000,42.281311,-83.744034,224.89999,13.48,274.16251,-0.63999999,0.47,-10.0,-1.71,4.0,-1172.5,89
18,12458,52,4328063,52,292098111252776,21319,22,25100,42.281319,-83.744041,224.89999,13.46,274.60001,-0.63999999,0.55000001,-10.0,-1.87,4.0,-984.5,86
18,12458,52,4328063,52,292098111352661,21319,23,25225,42.281319,-83.744057,224.89999,13.46,274.60001,-0.80000001,0.55000001,-10.0,-1.84,4.0,-856.29999,88
18,12458,52,4328063,52,292098111452732,21319,24,25300,42.281319,-83.744072,224.8,13.48,274.14999,-0.80000001,0.47,-10.0,-1.7,4.0,-767.79999,95
18,12458,52,4328063,52,292098111552621,21319,25,25400,42.281319,-83.744087,224.8,13.46,273.75,-0.80000001,0.47,-10.0,-1.75,4.0,-702.40002,96
18,12458,52,4328063,52,292098111652634,21319,26,25500,42.281319,-83.74411,224.7,13.48,273.58749,-0.72000003,0.47,-10.0,-1.97,4.0,-649.29999,91
18,12458,52,4328063,52,292098111752634,21319,27,25600,42.281319,-83.744133,224.60001,13.52,273.42499,-0.80000001,0.40000001,-10.0,-1.58,4.0,-611.79999,98
18,12458,52,4328063,52,292098111852621,21319,28,25700,42.281319,-83.744141,224.60001,13.48,273.4375,-0.54000002,0.23999999,-10.0,-1.41,4.0,-586.40002,89
18,12458,52,4328063,52,292098111952762,21319,29,25800,42.281319,-83.744164,224.5,13.48,273.17499,-0.72000003,0.16,-10.0,-1.26,4.0,-570.79999,83
18,12458,52,4328063,52,292098112052623,21319,30,25900,42.281319,-83.744171,224.5,13.48,273.01251,-0.63999999,0.23999999,-10.0,-1.0,4.0,-564.70001,76
18,12458,52,4328063,52,292098112152623,21319,31,26000,42.281319,-83.744186,224.39999,13.52,272.92499,-0.80000001,0.23999999,-10.0,-0.74000001,4.0,-568.29999,68
18,12458,52,4328063,52,292098112252715,21319,32,26100,42.281319,-83.744202,224.39999,13.52,272.63751,-0.80000001,0.23999999,-10.0,-0.54000002,4.0,-581.09998,64
18,12458,52,4328063,52,292098112352633,21319,33,26200,42.28133,-83.744217,224.3,13.52,272.89999,-0.72000003,0.23999999,-10.0,-0.68000001,4.0,-599.0,72
18,12458,52,4328063,52,292098112452636,21319,34,26300,42.28133,-83.74424,224.2,13.52,272.78751,-0.63999999,0.23999999,-10.0,-0.76999998,4.0,-619.29999,82
18,12458,52,4328063,52,292098112552624,21319,35,26400,42.28133,-83.744263,224.2,13.48,272.54999,-0.80000001,0.16,-10.0,-0.76999998,4.0,-641.29999,88
18,12458,52,4328063,52,292098112652624,21319,36,26500,42.28133,-83.74427,224.2,13.46,272.70001,-0.80000001,0.07,-10.0,-0.20999999,4.0,-673.90002,76
18,12458,52,4328063,52,292098112752623,21319,37,26600,42.28133,-83.744293,224.10001,13.46,272.1875,-0.80000001,0.07,-10.0,-0.56,4.0,-709.40002,85
18,12458,52,4328063,52,292098112852622,21319,38,26700,42.28133,-83.744301,224.10001,13.44,272.60001,-0.87,0.16,-10.0,-0.49000001,4.0,-748.59998,88
18,12458,52,4328063,52,292098112952623,21319,39,26800,42.28133,-83.744324,224.0,13.48,272.38751,-0.87,0.23999999,-10.0,-0.61000001,4.0,-788.0,95
18,12458,52,4328063,52,292098113052636,21319,40,26900,42.28133,-83.744339,224.0,13.46,272.25,-0.72000003,0.23999999,-10.0,-0.34,4.0,-834.09998,90
18,12458,52,4328063,52,292098113152625,21319,41,27000,42.28133,-83.744347,223.89999,13.44,272.26251,-0.87,0.16,-10.0,-0.41,4.0,-883.79999,92
18,12458,52,4328063,52,292098113252699,21319,42,27100,42.28133,-83.74437,223.89999,13.4,272.21249,-0.87,0.07,-10.0,-0.55000001,4.0,-932.0,98
18,12458,52,4328063,52,292098113352622,21319,43,27200,42.28133,-83.744377,223.8,13.4,272.17499,-0.80000001,0.07,-10.0,-0.43000001,4.0,-982.29999,97
18,12458,52,4328063,52,292098113452634,21319,44,27300,42.28133,-83.7444,223.8,13.4,271.83749,-1.03,0.07,-10.0,-0.46000001,4.0,-1032.7,98
18,12458,52,4328063,52,292098113552624,21319,45,27400,42.28133,-83.744423,223.8,13.4,272.02499,-0.94999999,0.07,-10.0,-0.41,4.0,-1084.8,97
18,12458,52,4328063,52,292098113652625,21319,46,27500,42.28133,-83.744438,223.7,13.38,272.01251,-0.87,0.16,-10.0,-0.47,4.0,-1134.9,99
18,12458,52,4328063,52,292098113752630,21319,47,27600,42.28133,-83.744453,223.7,13.38,272.42499,-0.87,0.07,-10.0,-0.46000001,4.0,-1182.9,100
18,12458,52,4328063,52,292098113852624,21319,48,27700,42.28133,-83.744469,223.60001,13.36,272.04999,-0.87,0.23999999,-10.0,-0.46000001,4.0,-1229.1,100
18,12458,52,4328063,52,292098113952623,21319,49,27800,42.28133,-83.744476,223.5,13.38,272.22501,-0.87,0.16,-10.0,-0.36000001,4.0,-1279.4,96
18,12458,52,4328063,52,292098114052625,21319,50,27900,42.28133,-83.744499,223.5,13.32,271.89999,-0.80000001,0.23999999,-10.0,-0.46000001,4.0,-1325.5,99
18,12458,52,4328063,52,292098114152719,21319,51,28000,42.28133,-83.744507,223.39999,13.3,272.21249,-0.87,0.23999999,-10.0,-0.46000001,4.0,-1366.7,100
18,12458,52,4328063,52,292098114252626,21319,52,28100,42.28133,-83.74453,223.39999,13.3,271.77499,-0.94999999,0.23999999,-10.0,-0.49000001,4.0,-1401.6,98
18,12458,52,4328063,52,292098114352630,21319,53,28200,42.28133,-83.744537,223.39999,13.26,271.4375,-0.87,0.16,-10.0,-0.34,4.0,-1442.8,97
18,12458,52,4328063,52,292098114452625,21319,54,28300,42.28133,-83.744568,223.3,13.24,271.54999,-0.94999999,0.07,-10.0,-0.44,4.0,-1478.9,99
18,12458,52,4328063,52,292098114552625,21319,55,28400,42.28133,-83.744583,223.3,13.18,271.5,-1.1799999,0.07,-10.0,-0.56,4.0,-1500.4,96
18,12458,52,4328063,52,292098114652628,21319,56,28500,42.28133,-83.744598,223.3,13.18,271.4375,-1.1799999,0.23999999,-10.0,-0.69999999,4.0,-1497.3,91
18,12458,52,4328063,52,292098114752631,21319,57,28600,42.28133,-83.744614,223.2,13.18,272.13751,-1.03,0.40000001,-10.0,-1.01,4.0,-1451.6,81
18,12458,52,4328063,52,292098114852626,21319,58,28700,42.28133,-83.744629,223.2,13.1,271.77499,-1.03,0.23999999,-10.0,-1.0,4.0,-1383.7,80
18,12458,52,4328063,52,292098114952628,21319,59,28800,42.281342,-83.744637,223.10001,13.1,271.6875,-0.94999999,0.40000001,-10.0,-1.16,4.0,-1297.9,78
18,12458,52,4328063,52,292098115052642,21319,60,28900,42.281342,-83.744659,223.10001,12.96,271.48749,-1.1799999,0.47,-10.0,-1.25,4.0,-1204.0,78
18,12458,52,4328063,52,292098115152684,21319,61,29000,42.281342,-83.744667,223.0,12.96,271.13751,-1.28,0.23999999,-10.0,-1.46,4.0,-1104.7,75
18,12458,52,4328063,52,292098115252643,21319,62,29100,42.281342,-83.74469,223.0,12.9,271.32501,-1.1799999,0.47,-10.0,-1.11,4.0,-1026.7,88
18,12458,52,4328063,52,292098115352693,21319,63,29200,42.281342,-83.744713,223.0,12.9,271.0625,-1.1799999,0.47,-10.0,-1.11,4.0,-1026.7,88
18,12458,52,4328063,52,292098115452674,21319,64,29300,42.281342,-83.744728,222.89999,12.9,271.25,-1.28,0.40000001,-10.0,-1.05,4.0,-966.5,96
18,12458,52,4328063,52,292098115552678,21319,65,29400,42.281342,-83.744743,222.89999,12.86,270.83749,-1.36,0.40000001,-10.0,-0.69,4.0,-931.29999,89
18,12458,52,4328063,52,292098115652675,21319,66,29500,42.281342,-83.744759,222.8,12.72,270.625,-1.36,0.23999999,-10.0,-0.41,4.0,-920.90002,77
18,12458,52,4328063,52,292098115752663,21319,67,29600,42.281342,-83.744766,222.8,12.62,270.8125,-1.36,0.23999999,-10.0,-0.07,4.0,-938.90002,65
18,12458,52,4328063,52,292098115852644,21319,68,29700,42.281342,-83.744789,222.8,12.54,270.6875,-1.28,0.16,-10.0,-0.23,4.0,-971.59998,71
18,12458,52,4328063,52,292098115952641,21319,69,29800,42.281342,-83.744797,222.7,12.52,270.88751,-1.4400001,0.16,-10.0,-0.25,4.0,-1015.2,78
18,12458,52,4328063,52,292098116052630,21319,70,29900,42.281342,-83.74482,222.7,12.4,270.63751,-1.4400001,0.16,-10.0,-0.18000001,4.0,-1071.8,82
18,12458,52,4328063,52,292098116152628,21319,71,30000,42.281342,-83.744827,222.7,12.36,270.88751,-1.4400001,0.23999999,-10.0,-0.25,4.0,-1135.5,88
18,12458,52,4328063,52,292098116252629,21319,72,30100,42.281342,-83.74485,222.60001,12.32,271.0625,-1.51,0.23999999,-10.0,-0.79000002,4.0,-1174.0,92
18,12458,52,4328063,52,292098116352630,21319,73,30200,42.281342,-83.744873,222.60001,12.22,270.77499,-1.51,0.47,-10.0,-0.82999998,4.0,-1187.4,84
18,12458,52,4328063,52,292098116452630,21319,74,30300,42.281342,-83.744881,222.5,12.1,270.25,-1.4400001,0.47,-10.0,-1.0,4.0,-1171.3,78
18,12458,52,4328063,52,292098116552630,21319,75,30400,42.281342,-83.744888,222.5,12.08,270.96249,-1.59,0.40000001,-10.0,-1.13,4.0,-1129.9,76
18,12458,52,4328063,52,292098116652629,21319,76,30500,42.281342,-83.744904,222.5,11.94,270.375,-1.4400001,0.40000001,-10.0,-0.97000003,4.0,-1084.4,83
18,12458,52,4328063,52,292098116752630,21319,77,30600,42.281342,-83.744919,222.39999,11.88,270.625,-1.59,0.47,-10.0,-0.88999999,4.0,-1042.2,90
18,12458,52,4328063,52,292098116852692,21319,78,30700,42.281342,-83.744926,222.39999,11.76,270.4375,-1.75,0.40000001,-10.0,-0.97000003,4.0,-1000.9,92
18,12458,52,4328063,52,292098116952630,21319,79,30800,42.281342,-83.744949,222.39999,11.68,270.47501,-1.75,0.47,-10.0,-0.86000001,4.0,-966.40002,98
18,12458,52,4328063,52,292098117052629,21319,80,30900,42.281342,-83.744957,222.39999,11.58,269.95001,-1.75,0.40000001,-10.0,-0.82999998,4.0,-938.09998,99
18,12458,52,4328063,52,292098117152640,21319,81,31000,42.281342,-83.74498,222.3,11.52,269.67499,-1.4400001,0.40000001,-10.0,-0.86000001,4.0,-913.79999,98
18,12458,52,4328063,52,292098117252629,21319,82,31100,42.281342,-83.745003,222.3,11.3,270.5,-1.51,0.23999999,-10.0,-0.93000001,4.0,-889.70001,99
18,12458,52,4328063,52,292098117352642,21319,83,31200,42.281342,-83.745003,222.3,11.22,270.04999,-1.75,0.63,-10.0,-0.93000001,4.0,-866.79999,98
18,12458,52,4328063,52,292098117452694,21319,84,31300,42.281342,-83.745018,222.3,11.12,269.53751,-1.8200001,0.23999999,-10.0,-0.93000001,4.0,-844.90002,98
18,12458,52,4328063,52,292098117552631,21319,85,31400,42.281342,-83.745033,222.2,11.04,270.10001,-1.75,0.40000001,-10.0,-0.85000002,4.0,-827.29999,99
18,12458,52,4328063,52,292098117652629,21319,86,31500,42.281342,-83.745049,222.2,10.9,270.51251,-1.59,0.16,-10.0,-0.80000001,4.0,-814.29999,96
18,12458,52,4328063,52,292098117752632,21319,87,31600,42.281342,-83.745064,222.2,10.86,270.17499,-1.51,0.16,-10.0,-0.81999999,4.0,-803.59998,97
18,12458,52,4328063,52,292098117852633,21319,88,31700,42.281342,-83.745071,222.2,10.74,269.25,-1.51,0.23999999,-10.0,-0.66000003,4.0,-799.59998,92
18,12458,52,4328063,52,292098117952630,21319,89,31800,42.281342,-83.745087,222.2,10.68,269.75,-1.51,0.16,-10.0,-0.46000001,4.0,-806.40002,86
18,12458,52,4328063,52,292098118052633,21319,90,31900,42.281342,-83.745102,222.10001,10.6,270.02499,-1.51,0.47,-10.0,-0.43000001,4.0,-821.29999,85
18,12458,52,4328063,52,292098118152645,21319,91,32000,42.281342,-83.74511,222.10001,10.52,269.375,-1.4400001,0.23999999,-10.0,-0.72000003,4.0,-832.29999,95
18,12458,52,4328063,52,292098118252632,21319,92,32100,42.281342,-83.745117,222.0,10.44,269.625,-1.59,0.23999999,-10.0,-0.56999999,4.0,-844.90002,96
18,12458,52,4328063,52,292098118352632,21319,93,32200,42.281342,-83.74514,222.0,10.36,269.25,-1.4400001,0.40000001,-10.0,-0.56999999,4.0,-858.20001,96
18,12458,52,4328063,52,292098118452631,21319,94,32300,42.281342,-83.745148,222.0,10.26,269.32501,-1.51,0.23999999,-10.0,-0.40000001,4.0,-878.5,92
18,12458,52,4328063,52,292098118552634,21319,95,32400,42.281342,-83.745163,222.0,10.22,268.92499,-1.51,0.07,-10.0,-0.40000001,4.0,-903.90002,91
18,12458,52,4328063,52,292098118652632,21319,96,32500,42.281342,-83.745178,221.89999,10.08,269.0,-1.51,0.07,-10.0,-0.31,4.0,-936.20001,90
18,12458,52,4328063,52,292098118752634,21319,97,32600,42.281342,-83.745193,221.89999,10.02,268.63751,-1.51,0.16,-10.0,-0.02,4.0,-988.09998,82
18,12458,52,4328063,52,292098118852640,21319,98,32700,42.281342,-83.745201,221.89999,9.8999996,268.96249,-1.51,0.07,-10.0,-0.17,4.0,-1049.9,86
18,12458,52,4328063,52,292098118952645,21319,99,32800,42.281342,-83.745216,221.8,9.8199997,269.0625,-1.4400001,0.16,-10.0,0.0,4.0,-1132.5,84
18,12458,52,4328063,52,292098119052632,21319,100,32900,42.281342,-83.745216,221.8,9.7399998,268.67499,-1.51,0.07,-10.0,0.0,4.0,-1234.8,86
18,12458,52,4328063,52,292098119152635,21319,101,33000,42.281342,-83.745239,221.8,9.6199999,269.66251,-1.51,0.16,-10.0,0.12,4.0,-1372.1,85
18,12458,52,4328063,52,292098119252632,21319,102,33100,42.281342,-83.745247,221.8,9.5799999,268.60001,-1.51,0.0,-10.0,0.15000001,4.0,-1554.9,86
18,12458,52,4328063,52,292098119352725,21319,103,33200,42.281342,-83.745262,221.8,9.5,269.29999,-1.67,0.07,-10.0,0.27000001,4.0,-1815.7,85
18,12458,52,4328063,52,292098119452636,21319,104,33300,42.281342,-83.74527,221.7,9.3999996,268.96249,-1.51,0.07,-10.0,0.43000001,4.0,-2234.0,82
18,12458,52,4328063,52,292098119552637,21319,105,33400,42.281342,-83.745293,221.7,9.3000002,269.0,-1.67,0.0,-10.0,0.46000001,4.0,3276.7,82
18,12458,52,4328063,52,292098119652696,21319,106,33500,42.281342,-83.745293,221.7,9.2200003,269.26251,-1.75,-7.9999998E-2,-10.0,0.81,4.0,3276.7,75
18,12458,52,4328063,52,292098119752646,21319,107,33600,42.281342,-83.745308,221.7,9.0799999,268.29999,-1.8200001,-7.9999998E-2,-10.0,0.98000002,4.0,3276.7,70
18,12458,52,4328063,52,292098119852634,21319,108,33700,42.281342,-83.745323,221.60001,9.0200005,270.61249,-1.8200001,-0.16,-10.0,1.14,4.0,3276.7,68
18,12458,52,4328063,52,292098119952636,21319,109,33800,42.281342,-83.745331,221.60001,8.8800001,268.60001,-1.8200001,-7.9999998E-2,-10.0,1.25,4.0,3276.7,69
18,12458,52,4328063,52,292098120052699,21319,110,33900,42.281342,-83.745338,221.60001,8.7600002,269.54999,-1.92,-7.9999998E-2,-10.0,1.33,4.0,2002.9,72
18,12458,52,4328063,52,292098120152707,21319,111,34000,42.281342,-83.745354,221.60001,8.6199999,269.625,-2.0,-0.16,-10.0,1.14,4.0,1452.5,82
18,12458,52,4328063,52,292098120252637,21319,112,34100,42.281342,-83.745361,221.5,8.5,270.45001,-2.0,-7.9999998E-2,-10.0,1.24,4.0,1145.4,86
18,12458,52,4328063,52,292098120352652,21319,113,34200,42.281342,-83.745369,221.5,8.3599997,268.79999,-2.0,-7.9999998E-2,-10.0,1.5,4.0,937.29999,82
18,12458,52,4328063,52,292098120452658,21319,114,34300,42.281342,-83.745377,221.5,8.1800003,270.67499,-2.0799999,-0.16,-10.0,1.26,4.0,801.20001,90
18,12458,52,4328063,52,292098120552699,21319,115,34400,42.281342,-83.745392,221.5,8.0799999,270.77499,-2.0799999,-0.16,-10.0,1.52,4.0,697.70001,86
18,12458,52,4328063,52,292098120652698,21319,116,34500,42.281342,-83.745399,221.5,7.9400001,270.79999,-2.0,-7.9999998E-2,-10.0,1.62,4.0,616.0,84
18,12458,52,4328063,52,292098120752637,21319,117,34600,42.281342,-83.745407,221.39999,7.8000002,270.03751,-2.23,-0.16,-10.0,1.48,4.0,554.40002,90
18,12458,52,4328063,52,292098120852634,21319,118,34700,42.281342,-83.745422,221.39999,7.6599998,270.25,-2.0799999,-7.9999998E-2,-10.0,1.4,4.0,507.89999,96
18,12458,52,4328063,52,292098120952667,21319,119,34800,42.281342,-83.74543,221.39999,7.48,270.67499,-2.0799999,-7.9999998E-2,-10.0,1.05,4.0,476.89999,90
18,12458,52,4328063,52,292098121052650,21319,120,34900,42.281342,-83.745438,221.39999,7.3800001,270.29999,-2.0799999,0.0,-10.0,1.0700001,4.0,455.10001,87
18,12458,52,4328063,52,292098121152721,21319,121,35000,42.281342,-83.745453,221.39999,7.2199998,270.58749,-2.1500001,0.16,-10.0,1.14,4.0,437.89999,90
18,12458,52,4328063,52,292098121252636,21319,122,35100,42.281342,-83.745453,221.3,7.0799999,270.45001,-2.1500001,-7.9999998E-2,-10.0,0.68000001,4.0,430.0,79
18,12458,52,4328063,52,292098121352638,21319,123,35200,42.281342,-83.745468,221.3,6.9400001,270.58749,-2.23,0.0,-10.0,0.94999999,4.0,424.29999,86
18,12458,52,4328063,52,292098121452699,21319,124,35300,42.281342,-83.745483,221.3,6.8000002,270.78751,-2.3099999,0.0,-10.0,0.36000001,4.0,428.10001,72
18,12458,52,4328063,52,292098121552639,21319,125,35400,42.281342,-83.745483,221.3,6.6199999,270.04999,-2.3900001,-7.9999998E-2,-10.0,0.41,4.0,437.60001,74
18,12458,52,4328063,52,292098121652638,21319,126,35500,42.281342,-83.745491,221.39999,6.48,270.23749,-2.3900001,0.0,-10.0,0.62,4.0,447.79999,84
18,12458,52,4328063,52,292098121752637,21319,127,35600,42.281342,-83.745499,221.39999,6.3000002,270.375,-2.5599999,0.07,-10.0,0.12,4.0,466.79999,76
18,12458,52,4328063,52,292098121852639,21319,0,35700,42.281342,-83.745506,221.39999,6.0799999,271.41251,-2.72,-0.16,-10.0,0.07,4.0,494.5,74
18,12458,52,4328063,52,292098121952637,21319,1,35800,42.281342,-83.745506,221.39999,5.9000001,271.10001,-2.6400001,0.07,-10.0,0.56,4.0,518.29999,92
18,12458,52,4328063,52,292098122052638,21319,2,35900,42.281342,-83.745522,221.39999,5.6799998,271.3125,-2.72,0.16,-10.0,0.28,4.0,545.29999,92
18,12458,52,4328063,52,292098122152638,21319,3,36000,42.281342,-83.745529,221.5,5.48,271.77499,-2.79,0.0,-10.0,-0.02,4.0,584.29999,84
18,12458,52,4328063,52,292098122252723,21319,4,36100,42.281342,-83.745537,221.5,5.3000002,271.73749,-2.72,0.0,-10.0,0.20999999,4.0,625.59998,90
18,12458,52,4328063,52,292098122352637,21319,5,36200,42.281342,-83.745537,221.5,5.0999999,271.70001,-2.79,-7.9999998E-2,-10.0,2.9999999E-2,4.0,676.70001,89
18,12458,52,4328063,52,292098122452724,21319,6,36300,42.281342,-83.745537,221.5,4.8800001,271.45001,-2.72,0.07,-10.0,-0.07,4.0,744.70001,86
18,12458,52,4328063,52,292098122552700,21319,7,36400,42.281342,-83.745552,221.5,4.6799998,271.71249,-2.72,0.16,-10.0,0.20999999,4.0,809.79999,96
18,12458,52,4328063,52,292098122652649,21319,8,36500,42.281342,-83.74556,221.5,4.5,271.78751,-2.6400001,0.07,-10.0,2.9999999E-2,4.0,885.70001,96
18,12458,52,4328063,52,292098122752639,21319,9,36600,42.281342,-83.745567,221.5,4.2600002,271.79999,-2.79,0.07,-10.0,-0.25,4.0,1007.1,87
18,12458,52,4328063,52,292098122852640,21319,10,36700,42.281342,-83.745567,221.5,4.0799999,271.875,-2.79,0.0,-10.0,-0.40000001,4.0,1221.5,81
18,12458,52,4328063,52,292098122952651,21319,11,36800,42.281342,-83.745567,221.5,3.8800001,271.70001,-2.95,0.0,-10.0,-0.1,4.0,1514.3,90
18,12458,52,4328063,52,292098123052639,21319,12,36900,42.281342,-83.745583,221.5,3.72,271.78751,-3.0999999,0.07,-10.0,0.0,4.0,1878.5,98
18,12458,52,4328063,52,292098123152640,21319,13,37000,42.281342,-83.745583,221.5,3.5,271.95001,-3.28,0.07,-10.0,-0.2,4.0,3276.7,96
18,12458,52,4328063,52,292098123252653,21319,14,37100,42.281342,-83.74559,221.5,3.24,271.70001,-3.2,0.0,-10.0,-0.11,4.0,3276.7,98
18,12458,52,4328063,52,292098123352729,21319,15,37200,42.281342,-83.74559,221.5,3.02,271.89999,-3.03,0.0,-10.0,-0.18000001,4.0,3276.7,97
18,12458,52,4328063,52,292098123452703,21319,16,37300,42.281342,-83.745598,221.5,2.74,272.04999,-3.03,0.16,-10.0,-0.1,4.0,3276.7,100
18,12458,52,4328063,52,292098123552653,21319,17,37400,42.281342,-83.745598,221.5,2.54,272.6875,-3.0999999,0.07,-10.0,-9.0000004E-2,4.0,3276.7,98
18,12458,52,4328063,52,292098123652639,21319,18,37500,42.281342,-83.745613,221.5,2.3,272.375,-3.2,-0.16,-10.0,-0.07,4.0,3276.7,98
18,12458,52,4328063,52,292098123752715,21319,19,37600,42.281342,-83.745613,221.5,2.0799999,271.85001,-3.2,0.07,-10.0,-0.02,4.0,3276.7,96
18,12458,52,4328063,52,292098123852640,21319,20,37700,42.281342,-83.745613,221.5,1.8200001,271.63751,-3.03,0.07,-10.0,-0.1,4.0,3276.7,98
18,12458,52,4328063,52,292098123952639,21319,21,37800,42.281342,-83.745613,221.5,1.62,272.07501,-3.03,0.0,-10.0,-0.14,4.0,3276.7,99
18,12458,52,4328063,52,292098124052644,21319,22,37900,42.281342,-83.745613,221.5,1.4,271.67499,-2.95,0.0,-10.0,-0.23,4.0,-2158.0,96
18,12458,52,4328063,52,292098124152712,21319,23,38000,42.281342,-83.745613,221.60001,1.22,272.20001,-2.79,0.0,-10.0,-5.0000001E-2,4.0,-1789.4,100
18,12458,52,4328063,52,292098124252676,21319,24,38100,42.281342,-83.745613,221.60001,0.98000002,272.39999,-2.8699999,0.0,-10.0,-0.15000001,4.0,-1459.8,99
18,12458,52,4328063,52,292098124352659,21319,25,38200,42.281342,-83.745621,221.60001,0.81999999,272.39999,-2.8699999,0.0,-10.0,-0.20999999,4.0,3276.7,100
18,12458,52,4328063,52,292098124452656,21319,26,38300,42.281342,-83.745621,221.60001,0.66000003,272.39999,-2.6400001,0.0,-10.0,-0.27000001,4.0,3276.7,100
18,12458,52,4328063,52,292098124554347,21319,27,38400,42.281342,-83.745621,221.60001,0.46000001,272.39999,-2.3900001,0.07,-10.0,-0.12,4.0,3276.7,100
18,12458,52,4328063,52,292098124654411,21319,28,38500,42.281342,-83.745621,221.60001,0.36000001,272.39999,-1.8200001,0.07,-10.0,-5.0000001E-2,4.0,3276.7,100
18,12458,52,4328063,52,292098124752787,21319,29,38600,42.281342,-83.745621,221.60001,0.36000001,272.39999,-1.8200001,0.07,-10.0,-5.0000001E-2,4.0,3276.7,100
18,12458,52,4328063,52,292098124852696,21319,30,38700,42.281342,-83.745621,221.60001,0.23999999,272.39999,-1.36,0.0,-10.0,0.0,4.0,3276.7,100
18,12458,52,4328063,52,292098124952690,21319,31,38800,42.281342,-83.745621,221.60001,0.0,272.39999,-0.94999999,-7.9999998E-2,-10.0,-2.9999999E-2,4.0,3276.7,100
18,12458,52,4328063,52,292098125052651,21319,32,38900,42.281342,-83.745621,221.7,0.0,272.39999,-0.47,-7.9999998E-2,-10.0,-5.0000001E-2,4.0,3276.7,100
18,12458,52,4328063,52,292098125152697,21319,33,39000,42.281342,-83.745621,221.7,0.0,272.39999,-0.47,-7.9999998E-2,-10.0,-5.0000001E-2,4.0,3276.7,100
18,12458,52,4328063,52,292098125252694,21319,34,39100,42.281342,-83.745621,221.7,0.0,272.39999,-0.80000001,0.0,-10.0,-9.9999998E-3,4.0,3276.7,100
18,12458,52,4328063,52,292098125352688,21319,35,39200,42.281342,-83.745621,221.7,0.0,272.39999,-0.63999999,0.0,-10.0,0.0,4.0,3276.7,100
18,12458,52,4328063,52,292098125452693,21319,36,39300,42.281342,-83.745621,221.7,0.0,272.39999,-0.54000002,0.0,-10.0,0.0,4.0,3276.7,100
18,12458,52,4328063,52,292098125552690,21319,37,39400,42.281342,-83.745621,221.8,0.0,272.39999,-0.72000003,-7.9999998E-2,-10.0,-5.0000001E-2,4.0,3276.7,100
18,12458,52,4328063,52,292098125652690,21319,38,39500,42.281342,-83.745621,221.8,0.0,272.39999,-0.72000003,0.0,-10.0,-0.18000001,4.0,3276.7,100
18,12458,52,4328063,52,292098125752699,21319,39,39600,42.281342,-83.745621,221.8,0.0,272.39999,-0.63999999,0.0,-10.0,0.1,4.0,3276.7,100
18,12458,52,4328063,52,292098125852755,21319,40,39700,42.281342,-83.745621,221.89999,0.0,272.39999,-0.63999999,-7.9999998E-2,-10.0,0.07,4.0,3276.7,100
18,12458,52,4328063,52,292098125952694,21319,41,39800,42.281342,-83.745621,221.89999,0.0,272.39999,-0.72000003,-7.9999998E-2,-10.0,-5.0000001E-2,4.0,3276.7,100
18,12458,52,4328063,52,292098126052696,21319,42,39900,42.281342,-83.745621,221.89999,0.0,272.39999,-0.63999999,-7.9999998E-2,-10.0,-5.0000001E-2,4.0,3276.7,100
18,12458,52,4328063,52,292098126152690,21319,43,40000,42.281342,-83.745621,221.89999,0.0,272.39999,-0.63999999,0.0,-10.0,0.0,4.0,3276.7,100
18,12458,52,4328063,52,292098126252692,21319,44,40100,42.281342,-83.745621,221.89999,0.0,272.39999,-0.63999999,0.0,-10.0,0.02,4.0,3276.7,100
18,12458,52,4328063,52,292098126352692,21319,45,40200,42.281342,-83.745621,221.89999,0.0,272.39999,-0.63999999,0.0,-10.0,-0.15000001,4.0,3276.7,100
18,12458,52,4328063,52,292098126452680,21319,46,40300,42.281342,-83.745621,222.0,0.0,272.39999,-0.63999999,0.0,-10.0,9.9999998E-3,4.0,3276.7,100
18,12458,52,4328063,52,292098126552706,21319,47,40400,42.281342,-83.745621,222.0,0.0,272.39999,-0.63999999,0.0,-10.0,-5.0000001E-2,4.0,3276.7,100
18,12458,52,4328063,52,292098126652677,21319,48,40500,42.281342,-83.745621,222.0,0.0,272.39999,-0.54000002,0.0,-10.0,0.02,4.0,3276.7,100
18,12458,52,4328063,52,292098126752674,21319,49,40600,42.281342,-83.745621,222.0,0.0,272.39999,-0.54000002,-7.9999998E-2,-10.0,0.0,4.0,3276.7,100
18,12458,52,4328063,52,292098126852693,21319,50,40700,42.281342,-83.745621,222.0,0.0,272.39999,-0.54000002,-7.9999998E-2,-10.0,0.02,4.0,3276.7,100
18,12458,52,4328063,52,292098126952694,21319,51,40800,42.281349,-83.745621,222.0,0.0,272.39999,-0.54000002,-7.9999998E-2,-10.0,5.0000001E-2,4.0,3276.7,100
18,12458,52,4328063,52,292098127052661,21319,52,40900,42.281349,-83.745621,222.0,0.0,272.39999,-0.54000002,-7.9999998E-2,-10.0,0.02,4.0,3276.7,100
18,12458,52,4328063,52,292098127152660,21319,53,41000,42.281349,-83.745621,222.0,0.0,272.39999,-0.63999999,-7.9999998E-2,-10.0,-5.0000001E-2,4.0,3276.7,100
18,12458,52,4328063,52,292098127252695,21319,54,41100,42.281349,-83.745621,222.10001,0.0,272.39999,-0.63999999,-7.9999998E-2,-10.0,9.0000004E-2,4.0,3276.7,100
18,12458,52,4328063,52,292098127352769,21319,55,41200,42.281349,-83.745621,222.10001,0.0,272.39999,-0.63999999,-7.9999998E-2,-10.0,0.07,4.0,3276.7,100
18,12458,52,4328063,52,292098127452657,21319,56,41300,42.281349,-83.745621,222.10001,0.0,272.39999,-0.63999999,-7.9999998E-2,-10.0,9.0000004E-2,4.0,3276.7,100
18,12458,52,4328063,52,292098127552764,21319,57,41400,42.281349,-83.745621,222.10001,0.0,272.39999,-0.63999999,-7.9999998E-2,-10.0,0.18000001,4.0,3276.7,100
18,12458,52,4328063,52,292098127652683,21319,58,41500,42.281349,-83.745621,222.2,0.0,272.39999,-0.63999999,-0.16,-10.0,0.0,4.0,3276.7,100
18,12458,52,4328063,52,292098127752647,21319,59,41600,42.281349,-83.745621,222.2,0.0,272.39999,-0.63999999,-7.9999998E-2,-10.0,-0.11,4.0,3276.7,100
18,12458,52,4328063,52,292098127852660,21319,60,41700,42.281349,-83.745621,222.2,0.0,272.39999,-0.72000003,-7.9999998E-2,-10.0,0.0,4.0,3276.7,100
18,12458,52,4328063,52,292098127952726,21319,61,41800,42.281349,-83.745621,222.3,0.0,272.39999,-0.63999999,-7.9999998E-2,-10.0,0.0,4.0,3276.7,100
18,12458,52,4328063,52,292098128052650,21319,62,41900,42.281349,-83.745621,222.3,0.0,272.39999,-0.63999999,-7.9999998E-2,-10.0,-5.0000001E-2,4.0,3276.7,100
18,12458,52,4328063,52,292098128152646,21319,63,42000,42.281349,-83.745621,222.3,0.0,272.39999,-0.72000003,-7.9999998E-2,-10.0,-0.11,4.0,3276.7,100
18,12458,52,4328063,52,292098128252650,21319,64,42100,42.281349,-83.745621,222.39999,0.0,272.39999,-0.72000003,-7.9999998E-2,-10.0,-9.9999998E-3,4.0,3276.7,100
18,12458,52,4328063,52,292098128352648,21319,65,42200,42.281349,-83.745621,222.39999,0.0,272.39999,-0.63999999,-7.9999998E-2,-10.0,0.0,4.0,3276.7,100
18,12458,52,4328063,52,292098128452660,21319,66,42300,42.281349,-83.745621,222.39999,0.0,272.39999,-0.72000003,-7.9999998E-2,-10.0,-0.07,4.0,3276.7,100
18,12458,52,4328063,52,292098128552650,21319,67,42400,42.281349,-83.745621,222.39999,0.0,272.39999,-0.63999999,-7.9999998E-2,-10.0,-5.0000001E-2,4.0,3276.7,100
18,12458,52,4328063,52,292098128652733,21319,68,42500,42.281349,-83.745621,222.5,0.0,272.39999,-0.63999999,-7.9999998E-2,-10.0,-0.25,4.0,3276.7,100
18,12458,52,4328063,52,292098128752649,21319,69,42600,42.281349,-83.745621,222.5,0.0,272.39999,-0.63999999,0.0,-10.0,-0.12,4.0,3276.7,100
18,12458,52,4328063,52,292098128852660,21319,70,42700,42.281349,-83.745621,222.5,0.0,272.39999,-0.63999999,0.0,-10.0,-0.12,4.0,3276.7,100
18,12458,52,4328063,52,292098128952710,21319,71,42800,42.281349,-83.745621,222.60001,0.0,272.39999,-0.63999999,-7.9999998E-2,-10.0,-9.0000004E-2,4.0,3276.7,100
18,12458,52,4328063,52,292098129052711,21319,72,42900,42.281349,-83.745621,222.60001,0.0,272.39999,-0.54000002,0.0,-10.0,-0.14,4.0,3276.7,100
18,12458,52,4328063,52,292098129152797,21319,73,43000,42.281349,-83.745621,222.7,0.0,272.39999,-0.63999999,-7.9999998E-2,-10.0,2.9999999E-2,4.0,3276.7,100
18,12458,52,4328063,52,292098129252649,21319,74,43100,42.281349,-83.745621,222.7,0.0,272.39999,-0.63999999,-7.9999998E-2,-10.0,-9.0000004E-2,4.0,3276.7,100
18,12458,52,4328063,52,292098129352650,21319,75,43200,42.281349,-83.745621,222.7,0.0,272.39999,-0.63999999,-0.16,-10.0,-9.9999998E-3,4.0,3276.7,100
18,12458,52,4328063,52,292098129452741,21319,76,43300,42.281349,-83.745621,222.7,0.0,272.39999,-0.72000003,-7.9999998E-2,-10.0,-0.11,4.0,3276.7,100
18,12458,52,4328063,52,292098129552681,21319,77,43400,42.281349,-83.745621,222.7,0.0,272.39999,-0.63999999,-7.9999998E-2,-10.0,-5.0000001E-2,4.0,3276.7,100
18,12458,52,4328063,52,292098129652651,21319,78,43500,42.281349,-83.745621,222.7,0.0,272.39999,-0.63999999,0.0,-10.0,-0.02,4.0,3276.7,100
18,12458,52,4328063,52,292098129752675,21319,79,43600,42.281349,-83.745621,222.8,0.0,272.39999,-0.72000003,-7.9999998E-2,-10.0,-0.27000001,4.0,3276.7,100
18,12458,52,4328063,52,292098129852651,21319,80,43700,42.281349,-83.745621,222.8,0.0,272.39999,-0.63999999,0.0,-10.0,-0.28,4.0,3276.7,100
18,12458,52,4328063,52,292098129952648,21319,81,43800,42.281349,-83.745621,222.8,0.0,272.39999,-0.63999999,0.0,-10.0,-2.9999999E-2,4.0,3276.7,100
18,12458,52,4328063,52,292098130052737,21319,82,43900,42.281349,-83.745621,222.8,0.0,272.39999,-0.63999999,0.0,-10.0,-5.0000001E-2,4.0,3276.7,100
18,12458,52,4328063,52,292098130152663,21319,83,44000,42.281349,-83.745621,222.8,0.0,272.39999,-0.54000002,0.0,-10.0,0.0,4.0,3276.7,100
18,12458,52,4328063,52,292098130252663,21319,84,44100,42.281349,-83.745621,222.89999,0.0,272.39999,-0.54000002,-7.9999998E-2,-10.0,-9.9999998E-3,4.0,3276.7,100
18,12458,52,4328063,52,292098130352651,21319,85,44200,42.281349,-83.745621,222.89999,0.0,272.39999,-0.54000002,-7.9999998E-2,-10.0,0.0,4.0,3276.7,100
18,12458,52,4328063,52,292098130452662,21319,86,44300,42.281349,-83.745621,222.89999,0.0,272.39999,-0.54000002,-7.9999998E-2,-10.0,0.15000001,4.0,3276.7,100
18,12458,52,4328063,52,292098130552652,21319,87,44400,42.281349,-83.745621,222.89999,0.0,272.39999,-0.54000002,-7.9999998E-2,-10.0,0.1,4.0,3276.7,100
18,12458,52,4328063,52,292098130652660,21319,88,44500,42.281349,-83.745621,223.0,0.0,272.39999,-0.63999999,-7.9999998E-2,-10.0,-9.9999998E-3,4.0,3276.7,100
18,12458,52,4328063,52,292098130752664,21319,89,44600,42.281349,-83.745621,223.0,0.0,272.39999,-0.63999999,-7.9999998E-2,-10.0,9.9999998E-3,4.0,3276.7,100
18,12458,52,4328063,52,292098130852653,21319,90,44700,42.281349,-83.745621,223.0,0.0,272.39999,-0.63999999,-7.9999998E-2,-10.0,0.0,4.0,3276.7,100
18,12458,52,4328063,52,292098130952651,21319,91,44800,42.281349,-83.745621,223.10001,0.0,272.39999,-0.54000002,-7.9999998E-2,-10.0,-0.11,4.0,3276.7,100
18,12458,52,4328063,52,292098131052663,21319,92,44900,42.281349,-83.745621,223.10001,0.0,272.39999,-0.54000002,-7.9999998E-2,-10.0,-0.23,4.0,3276.7,100
18,12458,52,4328063,52,292098131152653,21319,93,45000,42.281349,-83.745621,223.2,0.0,272.39999,-0.54000002,-7.9999998E-2,-10.0,-5.0000001E-2,4.0,3276.7,100
18,12458,52,4328063,52,292098131252650,21319,94,45100,42.281349,-83.745621,223.2,0.0,272.39999,-0.63999999,-7.9999998E-2,-10.0,0.1,4.0,3276.7,100
18,12458,52,4328063,52,292098131352653,21319,95,45200,42.281349,-83.745621,223.2,0.0,272.39999,-0.63999999,-0.16,-10.0,-2.9999999E-2,4.0,3276.7,100
18,12458,52,4328063,52,292098131452652,21319,96,45300,42.281349,-83.745621,223.3,0.0,272.39999,-0.72000003,-7.9999998E-2,-10.0,-2.9999999E-2,4.0,3276.7,100
18,12458,52,4328063,52,292098131552652,21319,97,45400,42.281349,-83.745621,223.3,0.0,272.39999,-0.63999999,-7.9999998E-2,-10.0,-0.11,4.0,3276.7,100
18,12458,52,4328063,52,292098131652664,21319,98,45500,42.281349,-83.745621,223.39999,0.0,272.39999,-0.72000003,-7.9999998E-2,-10.0,-0.15000001,4.0,3276.7,100
18,12458,52,4328063,52,292098131752653,21319,99,45600,42.281349,-83.745621,223.39999,0.0,272.39999,-0.63999999,-7.9999998E-2,-10.0,-0.1,4.0,3276.7,100
18,12458,52,4328063,52,292098131852654,21319,100,45700,42.281349,-83.745621,223.39999,0.0,272.39999,-0.63999999,0.0,-10.0,-5.0000001E-2,4.0,3276.7,100
18,12458,52,4328063,52,292098131952653,21319,101,45800,42.281349,-83.745621,223.39999,0.0,272.39999,-0.54000002,0.0,-10.0,0.0,4.0,3276.7,100
18,12458,52,4328063,52,292098132052656,21319,102,45900,42.281349,-83.745621,223.39999,0.0,272.39999,-0.54000002,-7.9999998E-2,-10.0,9.0000004E-2,4.0,3276.7,100
18,12458,52,4328063,52,292098132152652,21319,103,46000,42.281349,-83.745621,223.39999,0.0,272.39999,-0.54000002,-7.9999998E-2,-10.0,0.1,4.0,3276.7,100
18,12458,52,4328063,52,292098132252666,21319,104,46100,42.281349,-83.745621,223.5,0.0,272.39999,-0.63999999,-7.9999998E-2,-10.0,-0.1,4.0,3276.7,100
18,12458,52,4328063,52,292098132352653,21319,105,46200,42.281349,-83.745621,223.5,0.0,272.39999,-0.72000003,-7.9999998E-2,-10.0,-0.07,4.0,3276.7,100
18,12458,52,4328063,52,292098132452667,21319,106,46300,42.281349,-83.745621,223.5,0.0,272.39999,-0.72000003,-7.9999998E-2,-10.0,-0.12,4.0,3276.7,100
18,12458,52,4328063,52,292098132552655,21319,107,46400,42.281349,-83.745621,223.5,0.0,272.39999,-0.54000002,-7.9999998E-2,-10.0,-0.25,4.0,3276.7,100
18,12458,52,4328063,52,292098132652730,21319,108,46500,42.281349,-83.745621,223.5,0.0,272.39999,-0.63999999,-7.9999998E-2,-10.0,-9.9999998E-3,4.0,3276.7,100
18,12458,52,4328063,52,292098132752656,21319,109,46600,42.281349,-83.745621,223.5,0.0,272.39999,-0.63999999,-7.9999998E-2,-10.0,9.9999998E-3,4.0,3276.7,100
18,12458,52,4328063,52,292098132852666,21319,110,46700,42.281349,-83.745621,223.60001,0.0,272.39999,-0.72000003,-0.16,-10.0,-0.14,4.0,3276.7,100
18,12458,52,4328063,52,292098132952656,21319,111,46800,42.281349,-83.745621,223.60001,0.0,272.39999,-0.72000003,-7.9999998E-2,-10.0,-0.18000001,4.0,3276.7,100
18,12458,52,4328063,52,292098133052736,21319,112,46900,42.281349,-83.745621,223.60001,0.0,272.39999,-0.63999999,0.0,-10.0,-0.2,4.0,3276.7,100
18,12458,52,4328063,52,292098133152656,21319,113,47000,42.281349,-83.745621,223.60001,0.0,272.39999,-0.63999999,0.0,-10.0,-0.17,4.0,3276.7,100
18,12458,52,4328063,52,292098133252740,21319,114,47100,42.281349,-83.745628,223.60001,0.0,272.39999,-0.54000002,0.0,-10.0,-5.0000001E-2,4.0,3276.7,100
18,12458,52,4328063,52,292098133352656,21319,115,47200,42.281349,-83.745628,223.60001,0.0,272.39999,-0.54000002,-7.9999998E-2,-10.0,0.12,4.0,3276.7,100
18,12458,52,4328063,52,292098133452740,21319,116,47300,42.281349,-83.745628,223.7,0.0,272.39999,-0.54000002,-7.9999998E-2,-10.0,-5.0000001E-2,4.0,3276.7,100
18,12458,52,4328063,52,292098133552667,21319,117,47400,42.281349,-83.745628,223.7,0.0,272.39999,-0.72000003,-7.9999998E-2,-10.0,0.0,4.0,3276.7,100
18,12458,52,4328063,52,292098133652655,21319,118,47500,42.281349,-83.745628,223.7,0.0,272.39999,-0.72000003,-7.9999998E-2,-10.0,-0.1,4.0,3276.7,100
18,12458,52,4328063,52,292098133752736,21319,119,47600,42.281349,-83.745628,223.7,0.0,272.39999,-0.72000003,-7.9999998E-2,-10.0,-0.28,4.0,3276.7,100
18,12458,52,4328063,52,292098133852681,21319,120,47700,42.281349,-83.745628,223.7,0.0,272.39999,-0.63999999,-7.9999998E-2,-10.0,-0.14,4.0,3276.7,100
18,12458,52,4328063,52,292098133952655,21319,121,47800,42.281349,-83.745628,223.7,0.0,272.39999,-0.54000002,0.0,-10.0,-0.07,4.0,3276.7,100
18,12458,52,4328063,52,292098134052673,21319,122,47900,42.281349,-83.745628,223.7,0.0,272.39999,-0.54000002,-7.9999998E-2,-10.0,0.07,4.0,3276.7,100
18,12458,52,4328063,52,292098134152677,21319,123,48000,42.281349,-83.745628,223.7,0.0,272.39999,-0.54000002,-7.9999998E-2,-10.0,0.18000001,4.0,3276.7,100
18,12458,52,4328063,52,292098134252657,21319,124,48100,42.281349,-83.745628,223.8,0.0,272.39999,-0.63999999,-7.9999998E-2,-10.0,0.07,4.0,3276.7,100
18,12458,52,4328063,52,292098134352658,21319,125,48200,42.281349,-83.745628,223.8,0.0,272.39999,-0.72000003,-0.16,-10.0,-0.14,4.0,3276.7,100
18,12458,52,4328063,52,292098134452658,21319,126,48300,42.281349,-83.745628,223.8,0.0,272.39999,-0.72000003,-7.9999998E-2,-10.0,-0.23,4.0,3276.7,100
18,12458,52,4328063,52,292098134552658,21319,127,48400,42.281349,-83.745628,223.8,0.0,272.39999,-0.63999999,0.0,-10.0,-0.15000001,4.0,3276.7,100
18,12458,52,4328063,52,292098134652659,21319,0,48500,42.281349,-83.745628,223.8,0.0,272.39999,-0.63999999,0.0,-10.0,-0.1,4.0,3276.7,100
18,12458,52,4328063,52,292098134752657,21319,1,48600,42.281349,-83.745628,223.8,0.0,272.39999,-0.72000003,0.0,-10.0,5.0000001E-2,4.0,3276.7,100
18,12458,52,4328063,52,292098134852659,21319,2,48700,42.281349,-83.745628,223.8,0.0,272.39999,-0.72000003,-7.9999998E-2,-10.0,5.0000001E-2,4.0,3276.7,100
18,12458,52,4328063,52,292098134952657,21319,3,48800,42.281349,-83.745628,223.89999,0.0,272.39999,-0.63999999,0.0,-10.0,-0.11,4.0,3276.7,100
18,12458,52,4328063,52,292098135052657,21319,4,48900,42.281349,-83.745628,223.89999,0.0,272.39999,-0.38999999,0.0,-10.0,-9.0000004E-2,4.0,3276.7,100
18,12458,52,4328063,52,292098135152658,21319,5,49000,42.281349,-83.745628,223.89999,0.0,272.39999,-0.16,0.0,-10.0,0.0,4.0,3276.7,100
18,12458,52,4328063,52,292098135252657,21319,6,49100,42.281349,-83.745628,223.89999,0.0,272.39999,-7.9999998E-2,0.0,-10.0,0.0,4.0,3276.7,100
18,12458,52,4328063,52,292098135352658,21319,7,49200,42.281349,-83.745628,223.89999,0.0,272.39999,-7.9999998E-2,-7.9999998E-2,-10.0,0.2,4.0,3276.7,100
18,12458,52,4328063,52,292098135452658,21319,8,49300,42.281349,-83.745628,223.89999,0.0,272.39999,-0.16,-0.16,-10.0,-0.07,4.0,3276.7,100
18,12458,52,4328063,52,292098135552660,21319,9,49400,42.281349,-83.745628,223.89999,0.0,272.39999,-0.23,-0.16,-10.0,-0.07,4.0,3276.7,100
18,12458,52,4328063,52,292098135652670,21319,10,49500,42.281349,-83.745628,223.89999,0.16,272.39999,-0.23,-7.9999998E-2,-10.0,-0.23,4.0,3276.7,100
18,12458,52,4328063,52,292098135752744,21319,11,49600,42.281349,-83.745628,223.89999,0.22,272.39999,-7.9999998E-2,-0.16,-10.0,-0.31,4.0,3276.7,100
18,12458,52,4328063,52,292098135852658,21319,12,49700,42.281349,-83.745628,223.89999,0.23999999,272.39999,0.0,-7.9999998E-2,-10.0,-0.07,4.0,3276.7,100
18,12458,52,4328063,52,292098135952660,21319,13,49800,42.281361,-83.745628,223.89999,0.30000001,272.39999,0.0,0.0,-10.0,-0.2,4.0,3276.7,100
18,12458,52,4328063,52,292098136052661,21319,14,49900,42.281361,-83.745628,223.89999,0.38,272.39999,0.16,-7.9999998E-2,-10.0,-0.02,4.0,3276.7,100
18,12458,52,4328063,52,292098136152659,21319,15,50000,42.281361,-83.745628,224.0,0.47999999,272.39999,0.31999999,0.0,-10.0,-0.25,4.0,3276.7,100
18,12458,52,4328063,52,292098136252735,21319,16,50100,42.281361,-83.745628,224.0,0.57999998,272.39999,0.55000001,-0.16,-10.0,-0.17,4.0,3276.7,100
18,12458,52,4328063,52,292098136352658,21319,17,50200,42.281361,-83.745628,224.0,0.72000003,272.39999,0.70999998,-7.9999998E-2,-10.0,-0.1,4.0,3276.7,100
18,12458,52,4328063,52,292098136452660,21319,18,50300,42.281361,-83.745628,224.0,0.81999999,272.39999,0.88,-7.9999998E-2,-10.0,-0.2,4.0,3276.7,100
18,12458,52,4328063,52,292098136552661,21319,19,50400,42.281361,-83.745628,224.0,0.95999998,272.39999,0.88,-7.9999998E-2,-10.0,-9.9999998E-3,4.0,3276.7,100
18,12458,52,4328063,52,292098136652659,21319,20,50500,42.281361,-83.745644,224.0,1.16,272.39999,0.88,-7.9999998E-2,-10.0,-0.07,4.0,-835.5,100
18,12458,52,4328063,52,292098136752660,21319,21,50600,42.281361,-83.745644,224.0,1.26,272.39999,0.88,-0.16,-10.0,-0.2,4.0,-348.60001,100
18,12458,52,4328063,52,292098136852661,21319,22,50700,42.281361,-83.745644,224.0,1.4,272.39999,0.80000001,-7.9999998E-2,-10.0,-0.14,4.0,-251.10001,98
18,12458,52,4328063,52,292098136952659,21319,23,50800,42.281361,-83.745644,224.0,1.6,272.375,0.80000001,-7.9999998E-2,-10.0,-0.27000001,4.0,-212.10001,98
18,12458,52,4328063,52,292098137052659,21319,24,50900,42.281361,-83.745644,224.0,1.72,271.07501,0.80000001,-0.16,-10.0,-0.18000001,4.0,-194.7,100
18,12458,52,4328063,52,292098137152740,21319,25,51000,42.281361,-83.745644,224.0,1.88,270.48749,0.80000001,-7.9999998E-2,-10.0,-0.14,4.0,-188.3,98
18,12458,52,4328063,52,292098137252677,21319,26,51100,42.281361,-83.745644,224.0,2.02,271.16251,0.88,-7.9999998E-2,-10.0,-0.15000001,4.0,-188.3,98
18,12458,52,4328063,52,292098137352691,21319,27,51200,42.281361,-83.745644,224.0,2.1199999,271.9375,0.88,-7.9999998E-2,-10.0,-0.25,4.0,-191.7,98
18,12458,52,4328063,52,292098137452679,21319,28,51300,42.281361,-83.745651,224.0,2.3,271.97501,0.80000001,-0.16,-10.0,-0.15000001,4.0,-198.7,99
18,12458,52,4328063,52,292098137552747,21319,29,51400,42.281361,-83.745651,224.0,2.4400001,271.32501,0.80000001,-0.23,-10.0,-0.14,4.0,-208.89999,98
18,12458,52,4328063,52,292098137652763,21319,30,51500,42.281361,-83.745651,224.0,2.5799999,270.97501,0.80000001,-0.16,-10.0,9.9999998E-3,4.0,-223.5,93
18,12458,52,4328063,52,292098137752677,21319,31,51600,42.281361,-83.745659,224.0,2.6800001,271.76251,0.63,-7.9999998E-2,-10.0,-5.0000001E-2,4.0,-241.60001,94
18,12458,52,4328063,52,292098137852676,21319,32,51700,42.281361,-83.745659,224.0,2.8,271.45001,0.70999998,-0.16,-10.0,-9.9999998E-3,4.0,-263.79999,95
18,12458,52,4328063,52,292098137952743,21319,33,51800,42.281361,-83.745667,224.0,2.9400001,270.625,0.47,-0.16,-10.0,-9.9999998E-3,4.0,-290.39999,96
18,12458,52,4328063,52,292098138052679,21319,34,51900,42.281361,-83.745667,224.10001,3.04,272.48749,0.47,-7.9999998E-2,-10.0,-0.23,4.0,-318.29999,97
18,12458,52,4328063,52,292098138152755,21319,35,52000,42.281361,-83.745667,224.10001,3.1600001,272.0,0.40000001,-0.16,-10.0,-0.18000001,4.0,-348.0,96
18,12458,52,4328063,52,292098138252677,21319,36,52100,42.281361,-83.745667,224.10001,3.1600001,271.3125,0.40000001,-0.16,-10.0,-0.18000001,4.0,-348.0,96
18,12458,52,4328063,52,292098138352713,21319,37,52200,42.281361,-83.745682,224.10001,3.24,271.63751,0.31999999,-7.9999998E-2,-10.0,-0.17,4.0,-380.0,96
18,12458,52,4328063,52,292098138452713,21319,38,52300,42.281361,-83.745682,224.2,3.3599999,272.38751,0.31999999,-0.16,-10.0,-0.2,4.0,-413.39999,96
18,12458,52,4328063,52,292098138552694,21319,39,52400,42.281361,-83.745689,224.2,3.4400001,271.35001,0.23999999,-7.9999998E-2,-10.0,0.1,4.0,-457.39999,94
18,12458,52,4328063,52,292098138652767,21319,40,52500,42.281361,-83.745697,224.2,3.52,271.17499,0.16,-7.9999998E-2,-10.0,-0.14,4.0,-504.29999,98
18,12458,52,4328063,52,292098138752723,21319,41,52600,42.281361,-83.745697,224.2,3.6199999,272.76251,0.23999999,-0.16,-10.0,-5.0000001E-2,4.0,-558.0,98
18,12458,52,4328063,52,292098138852711,21319,42,52700,42.281361,-83.745697,224.2,3.72,271.82501,0.16,-0.16,-10.0,5.0000001E-2,4.0,-624.5,94
18,12458,52,4328063,52,292098138952732,21319,43,52800,42.281361,-83.745697,224.2,3.74,270.48749,0.0,-0.16,-10.0,0.28,4.0,-722.20001,88
18,12458,52,4328063,52,292098139052712,21319,44,52900,42.281361,-83.745712,224.2,3.8199999,270.72501,0.0,-0.16,-10.0,0.43000001,4.0,-880.20001,82
18,12458,52,4328063,52,292098139152713,21319,45,53000,42.281361,-83.74572,224.10001,3.8800001,270.92499,-0.23,-7.9999998E-2,-10.0,0.54000002,4.0,-1161.9,80
18,12458,52,4328063,52,292098139252700,21319,46,53100,42.281361,-83.74572,224.10001,3.9000001,271.70001,-0.23,-0.23,-10.0,0.72000003,4.0,-1812.6,76
18,12458,52,4328063,52,292098139352715,21319,47,53200,42.281361,-83.745728,224.10001,3.96,272.08749,-0.31,-0.23,-10.0,0.97000003,4.0,3276.7,71
18,12458,52,4328063,52,292098139452667,21319,48,53300,42.281361,-83.745743,224.10001,3.98,271.46249,-0.38999999,-0.16,-10.0,1.04,4.0,3276.7,71
18,12458,52,4328063,52,292098139552666,21319,49,53400,42.281361,-83.745743,224.10001,4.02,272.46249,-0.47,-0.16,-10.0,1.0,4.0,1745.5,76
18,12458,52,4328063,52,292098139652663,21319,50,53500,42.281361,-83.745743,224.10001,4.02,271.82501,-0.54000002,-7.9999998E-2,-10.0,1.08,4.0,1042.3,80
18,12458,52,4328063,52,292098139752670,21319,51,53600,42.281361,-83.745743,224.10001,4.02,271.38751,-0.63999999,-0.16,-10.0,0.93000001,4.0,759.59998,88
18,12458,52,4328063,52,292098139852666,21319,52,53700,42.281361,-83.74575,224.10001,4.02,271.9375,-0.72000003,-0.16,-10.0,1.12,4.0,599.90002,88
18,12458,52,4328063,52,292098139952665,21319,53,53800,42.281361,-83.745758,224.10001,3.98,272.16251,-0.80000001,-0.23,-10.0,0.85000002,4.0,508.20001,98
18,12458,52,4328063,52,292098140052747,21319,54,53900,42.281361,-83.745758,224.10001,3.98,272.8125,-0.80000001,-0.16,-10.0,1.08,4.0,443.39999,94
18,12458,52,4328063,52,292098140152664,21319,55,54000,42.281361,-83.745773,224.10001,3.96,273.32501,-0.80000001,-7.9999998E-2,-10.0,0.97000003,4.0,398.20001,98
18,12458,52,4328063,52,292098140252750,21319,56,54100,42.281361,-83.745773,224.10001,3.9400001,272.82501,-0.72000003,0.0,-10.0,1.14,4.0,361.89999,94
18,12458,52,4328063,52,292098140352664,21319,57,54200,42.281361,-83.745773,224.10001,3.9000001,273.36249,-0.80000001,-0.16,-10.0,0.81,4.0,337.60001,96
18,12458,52,4328063,52,292098140452677,21319,58,54300,42.281361,-83.745781,224.10001,3.9000001,272.96249,-0.80000001,-0.16,-10.0,0.98000002,4.0,318.39999,98
18,12458,52,4328063,52,292098140552669,21319,59,54400,42.281361,-83.745789,224.10001,3.8800001,273.08749,-0.94999999,0.07,-10.0,1.02,4.0,302.5,99
18,12458,52,4328063,52,292098140652667,21319,60,54500,42.281361,-83.745789,224.10001,3.8599999,273.29999,-0.87,0.07,-10.0,0.46000001,4.0,295.39999,84
18,12458,52,4328063,52,292098140752680,21319,61,54600,42.281361,-83.745796,224.10001,3.8199999,272.96249,-0.87,0.07,-10.0,0.40000001,4.0,294.60001,79
18,12458,52,4328063,52,292098140852667,21319,62,54700,42.281361,-83.745796,224.10001,3.76,272.97501,-1.03,0.23999999,-10.0,-2.9999999E-2,4.0,303.5,67
18,12458,52,4328063,52,292098140952665,21319,63,54800,42.281361,-83.745796,224.10001,3.72,272.75,-1.11,0.07,-10.0,-0.88,4.0,332.5,48
18,12458,52,4328063,52,292098141052667,21319,64,54900,42.281361,-83.745811,224.10001,3.6600001,272.96249,-1.03,0.16,-10.0,-0.97000003,4.0,386.89999,48
18,12458,52,4328063,52,292098141152728,21319,65,55000,42.281361,-83.745811,224.10001,3.6199999,273.25,-1.11,0.07,-10.0,-1.25,4.0,490.20001,48
18,12458,52,4328063,52,292098141252679,21319,66,55100,42.281361,-83.745819,224.2,3.5799999,272.75,-1.1799999,0.07,-10.0,-1.13,4.0,693.29999,50
18,12458,52,4328063,52,292098141352728,21319,67,55200,42.281361,-83.745827,224.2,3.5,272.25,-1.36,0.07,-10.0,-0.98000002,4.0,1182.2,67
18,12458,52,4328063,52,292098141452669,21319,68,55300,42.281361,-83.745827,224.2,3.4400001,273.33749,-1.28,0.16,-10.0,-0.98000002,4.0,3276.7,78
18,12458,52,4328063,52,292098141552667,21319,69,55400,42.281361,-83.745827,224.2,3.3599999,272.89999,-1.28,0.16,-10.0,-0.81,4.0,3276.7,91
18,12458,52,4328063,52,292098141652667,21319,70,55500,42.281361,-83.745827,224.2,3.3,271.13751,-1.28,0.16,-10.0,-0.88,4.0,-1316.7,94
18,12458,52,4328063,52,292098141752749,21319,71,55600,42.281361,-83.745842,224.2,3.22,273.29999,-1.36,0.16,-10.0,-0.88999999,4.0,-819.59998,96
18,12458,52,4328063,52,292098141852669,21319,72,55700,42.281361,-83.74585,224.2,3.1600001,272.26251,-1.36,0.07,-10.0,-0.88999999,4.0,-607.29999,98
18,12458,52,4328063,52,292098141952670,21319,73,55800,42.281361,-83.74585,224.2,3.0799999,271.60001,-1.36,0.0,-10.0,-0.68000001,4.0,-499.0,94
18,12458,52,4328063,52,292098142052668,21319,74,55900,42.281361,-83.745857,224.2,3.0,271.11249,-1.36,0.07,-10.0,-0.41,4.0,-442.0,85
18,12458,52,4328063,52,292098142152666,21319,75,56000,42.281361,-83.745857,224.3,2.9400001,272.73749,-1.36,0.07,-10.0,-0.46000001,4.0,-407.39999,85
18,12458,52,4328063,52,292098142252705,21319,76,56100,42.281361,-83.745857,224.3,2.8599999,271.125,-1.36,0.16,-10.0,-0.54000002,4.0,-382.89999,89
18,12458,52,4328063,52,292098142352667,21319,77,56225,42.281361,-83.745857,224.3,2.76,271.125,-1.4400001,0.0,-10.0,-0.23,4.0,-372.39999,83
18,12458,52,4328063,52,292098142452667,21319,78,56300,42.281361,-83.745857,224.3,2.72,269.13751,-1.36,0.0,-10.0,-0.43000001,4.0,-365.29999,90
18,12458,52,4328063,52,292098142552669,21319,79,56400,42.281361,-83.745872,224.3,2.5999999,271.375,-1.36,0.0,-10.0,-0.18000001,4.0,-366.29999,86
18,12458,52,4328063,52,292098142652672,21319,80,56500,42.281361,-83.745872,224.3,2.52,272.13751,-1.4400001,0.16,-10.0,9.9999998E-3,4.0,-378.70001,80
18,12458,52,4328063,52,292098142752669,21319,81,56600,42.281361,-83.74588,224.39999,2.4400001,272.1875,-1.36,0.16,-10.0,0.0,4.0,-400.20001,82
18,12458,52,4328063,52,292098142852675,21319,82,56700,42.281361,-83.74588,224.39999,2.3800001,272.35001,-1.1799999,0.07,-10.0,0.0,4.0,-429.5,85
18,12458,52,4328063,52,292098142952670,21319,83,56800,42.281361,-83.745888,224.39999,2.3199999,270.83749,-0.94999999,0.0,-10.0,-0.31,4.0,-452.39999,98
18,12458,52,4328063,52,292098143052684,21319,84,56900,42.281361,-83.745888,224.5,2.26,272.1875,-0.87,0.0,-10.0,-0.07,4.0,-480.10001,96
18,12458,52,4328063,52,292098143152691,21319,85,57000,42.281361,-83.745888,224.5,2.22,270.83749,-0.87,0.07,-10.0,-0.18000001,4.0,-505.60001,99
18,12458,52,4328063,52,292098143252750,21319,86,57100,42.281361,-83.745903,224.5,2.1800001,271.75,-0.80000001,0.07,-10.0,-0.23,4.0,-525.90002,98
18,12458,52,4328063,52,292098143352668,21319,87,57200,42.281361,-83.745903,224.5,2.1600001,269.77499,-0.72000003,0.0,-10.0,-0.2,4.0,-543.29999,98
18,12458,52,4328063,52,292098143452678,21319,88,57300,42.281361,-83.745903,224.5,2.1600001,270.875,-0.80000001,0.0,-10.0,0.0,4.0,-572.5,96
18,12458,52,4328063,52,292098143552669,21319,89,57400,42.281361,-83.745903,224.5,2.1199999,271.4375,-0.72000003,0.0,-10.0,-0.17,4.0,-598.09998,98
18,12458,52,4328063,52,292098143652672,21319,90,57500,42.281361,-83.745903,224.5,2.0999999,272.11249,-0.72000003,-0.16,-10.0,-0.43000001,4.0,-596.59998,92
18,12458,52,4328063,52,292098143752756,21319,91,57600,42.281361,-83.745911,224.5,2.0999999,271.16251,-0.80000001,0.07,-10.0,9.0000004E-2,4.0,-622.09998,94
18,12458,52,4328063,52,292098143852686,21319,92,57700,42.281361,-83.745911,224.5,2.0799999,270.9375,-0.63999999,0.0,-10.0,-0.40000001,4.0,-619.40002,94
18,12458,52,4328063,52,292098143952681,21319,93,57800,42.281361,-83.745911,224.5,2.0799999,271.07501,-0.54000002,-7.9999998E-2,-10.0,-0.02,4.0,-633.29999,97
18,12458,52,4328063,52,292098144052673,21319,94,57900,42.281361,-83.745918,224.39999,2.0799999,271.5,-0.63999999,0.07,-10.0,5.0000001E-2,4.0,-668.59998,92
18,12458,52,4328063,52,292098144152669,21319,95,58000,42.281361,-83.745918,224.5,2.04,272.21249,-0.63999999,0.0,-10.0,-0.17,4.0,-695.90002,98
18,12458,52,4328063,52,292098144252672,21319,96,58100,42.281361,-83.745918,224.5,2.02,272.03751,-0.63999999,-7.9999998E-2,-10.0,-0.18000001,4.0,-712.90002,98
18,12458,52,4328063,52,292098144352732,21319,97,58200,42.281361,-83.745934,224.5,2.02,271.41251,-0.63999999,0.07,-10.0,-0.07,4.0,-736.40002,98
18,12458,52,4328063,52,292098144452672,21319,98,58300,42.281361,-83.745934,224.5,1.98,271.13751,-0.54000002,0.07,-10.0,-9.9999998E-3,4.0,-773.70001,96
18,12458,52,4328063,52,292098144552745,21319,99,58400,42.281361,-83.745934,224.5,1.98,270.57501,-0.54000002,0.07,-10.0,-0.1,4.0,-808.0,98
18,12458,52,4328063,52,292098144652673,21319,100,58500,42.281361,-83.745934,224.5,1.96,270.76251,-0.54000002,0.07,-10.0,-0.2,4.0,-820.70001,97
18,12458,52,4328063,52,292098144752685,21319,101,58600,42.281361,-83.745934,224.5,1.96,270.5,-0.54000002,0.0,-10.0,-9.9999998E-3,4.0,-851.40002,98
18,12458,52,4328063,52,292098144852754,21319,102,58700,42.281368,-83.745934,224.5,1.9400001,271.16251,-0.72000003,0.07,-10.0,0.0,4.0,-901.09998,96
18,12458,52,4328063,52,292098144952671,21319,103,58800,42.281368,-83.745941,224.5,1.9400001,270.77499,-0.72000003,0.0,-10.0,5.0000001E-2,4.0,-981.09998,94
18,12458,52,4328063,52,292098145052735,21319,104,58900,42.281368,-83.745941,224.5,1.9,271.5625,-0.72000003,0.0,-10.0,-5.0000001E-2,4.0,-1060.1,98
18,12458,52,4328063,52,292098145152746,21319,105,59000,42.281368,-83.745941,224.5,1.88,272.35001,-0.72000003,-7.9999998E-2,-10.0,-0.36000001,4.0,-1040.0,92
18,12458,52,4328063,52,292098145252674,21319,106,59100,42.281368,-83.745941,224.5,1.86,272.4375,-0.63999999,0.07,-10.0,-0.18000001,4.0,-1001.8,94
18,12458,52,4328063,52,292098145352754,21319,107,59200,42.281361,-83.745949,224.5,1.86,271.67499,-0.63999999,0.07,-10.0,-0.25,4.0,-940.70001,94
18,12458,52,4328063,52,292098145452676,21319,108,59300,42.281361,-83.745949,224.5,1.8200001,271.45001,-0.54000002,0.07,-10.0,-0.2,4.0,-883.09998,96
18,12458,52,4328063,52,292098145552672,21319,109,59400,42.281361,-83.745949,224.5,1.8,271.63751,-0.63999999,0.0,-10.0,-0.17,4.0,-836.79999,98
18,12458,52,4328063,52,292098145652674,21319,110,59500,42.281361,-83.745956,224.5,1.76,272.35001,-0.72000003,-7.9999998E-2,-10.0,-0.2,4.0,-793.29999,98
18,12458,52,4328063,52,292098145752673,21319,111,59600,42.281361,-83.745956,224.5,1.74,272.46249,-0.87,0.0,-10.0,-0.27000001,4.0,-741.90002,96
18,12458,52,4328063,52,292098145852674,21319,112,59700,42.281361,-83.745956,224.60001,1.72,274.95001,-0.94999999,-7.9999998E-2,-10.0,-0.62,4.0,-642.5,86
18,12458,52,4328063,52,292098145952749,21319,113,59800,42.281361,-83.745956,224.60001,1.66,272.97501,-1.03,0.0,-10.0,-0.44,4.0,-557.90002,89
18,12458,52,4328063,52,292098146052759,21319,114,59900,42.281361,-83.745956,224.60001,1.6,273.01251,-1.03,0.16,-10.0,-0.18000001,4.0,-510.5,100
18,12458,52,4328063,52,292098146152674,21319,115,0,42.281361,-83.745956,224.60001,1.54,273.85001,-1.11,0.0,-10.0,-0.34,4.0,-469.89999,100
18,12458,52,4328063,52,292098146252674,21319,116,100,42.281368,-83.745956,224.60001,1.5,273.96249,-1.11,0.0,-10.0,-0.2,4.0,-444.5,96
18,12458,52,4328063,52,292098146352673,21319,117,200,42.281368,-83.745972,224.60001,1.46,273.75,-1.03,0.07,-10.0,-0.28,4.0,-422.20001,98
18,12458,52,4328063,52,292098146452675,21319,118,300,42.281368,-83.745972,224.60001,1.4,273.46249,-1.11,0.0,-10.0,-0.28,4.0,-402.29999,99
18,12458,52,4328063,52,292098146552675,21319,119,400,42.281368,-83.745972,224.60001,1.3,271.0625,-1.03,0.0,-10.0,-0.23,4.0,-386.5,98
18,12458,52,4328063,52,292098146652677,21319,120,500,42.281368,-83.745972,224.60001,1.26,271.57501,-1.03,0.0,-10.0,-0.31,4.0,-369.60001,100
18,12458,52,4328063,52,292098146752673,21319,121,600,42.281368,-83.745979,224.60001,1.1799999,271.13751,-1.11,0.0,-10.0,-0.49000001,4.0,-342.70001,94
18,12458,52,4328063,52,292098146852761,21319,122,700,42.281368,-83.745979,224.60001,1.16,269.67499,-1.11,0.0,-10.0,-0.12,4.0,-329.5,96
18,12458,52,4328063,52,292098146952676,21319,123,800,42.281368,-83.745979,224.7,1.04,270.77499,-1.28,0.0,-10.0,-0.2,4.0,-319.70001,96
18,12458,52,4328063,52,292098147052698,21319,124,900,42.281368,-83.745979,224.7,0.98000002,269.85001,-1.4400001,0.0,-10.0,-0.33000001,4.0,-305.79999,100
18,12458,52,4328063,52,292098147152674,21319,125,1000,42.281368,-83.745979,224.7,0.89999998,269.85001,-1.4400001,0.0,-10.0,-0.23,4.0,3276.7,100
18,12458,52,4328063,52,292098147252675,21319,126,1100,42.281368,-83.745979,224.7,0.81999999,269.85001,-1.4400001,0.0,-10.0,-9.0000004E-2,4.0,3276.7,100
18,12458,52,4328063,52,292098147352675,21319,127,1200,42.281368,-83.745987,224.7,0.74000001,269.85001,-1.51,0.0,-10.0,-0.28,4.0,3276.7,100
18,12458,52,4328063,52,292098147452678,21319,0,1300,42.281368,-83.745987,224.7,0.62,269.85001,-1.59,0.07,-10.0,-0.14,4.0,3276.7,100
18,12458,52,4328063,52,292098147552692,21319,1,1400,42.281368,-83.745987,224.7,0.54000002,269.85001,-1.51,0.07,-10.0,0.0,4.0,3276.7,100
18,12458,52,4328063,52,292098147652696,21319,2,1500,42.281368,-83.745987,224.7,0.47999999,269.85001,-1.59,0.0,-10.0,-0.1,4.0,3276.7,100
18,12458,52,4328063,52,292098147752677,21319,3,1600,42.281368,-83.745987,224.7,0.38,269.85001,-1.59,0.0,-10.0,-0.25,4.0,3276.7,100
18,12458,52,4328063,52,292098147852677,21319,4,1700,42.281368,-83.745987,224.7,0.36000001,269.85001,-1.51,0.07,-10.0,0.0,4.0,3276.7,100
18,12458,52,4328063,52,292098147952676,21319,5,1800,42.281368,-83.745987,224.7,0.23999999,269.85001,-1.51,0.07,-10.0,0.02,4.0,3276.7,100
18,12458,52,4328063,52,292098148052679,21319,6,1900,42.281368,-83.745987,224.7,0.0,269.85001,-1.51,-7.9999998E-2,-10.0,-0.18000001,4.0,3276.7,100
18,12458,52,4328063,52,292098148152692,21319,7,2000,42.281368,-83.745987,224.7,0.0,269.85001,-1.03,0.0,-10.0,-5.0000001E-2,4.0,3276.7,100
18,12458,52,4328063,52,292098148252679,21319,8,2100,42.281368,-83.745987,224.8,0.0,269.85001,-7.9999998E-2,0.0,-10.0,-0.18000001,4.0,3276.7,100
18,12458,52,4328063,52,292098148352716,21319,9,2200,42.281368,-83.745987,224.8,0.0,269.85001,-0.31,0.07,-10.0,-0.1,4.0,3276.7,100
18,12458,52,4328063,52,292098148452726,21319,10,2300,42.281368,-83.745987,224.8,0.0,269.85001,-0.31,0.07,-10.0,-0.1,4.0,3276.7,100
18,12458,52,4328063,52,292098148552789,21319,11,2400,42.281361,-83.745987,224.8,0.0,269.85001,-0.80000001,0.07,-10.0,0.07,4.0,3276.7,100
18,12458,52,4328063,52,292098148652691,21319,12,2500,42.281361,-83.745987,224.8,0.0,269.85001,-0.63999999,0.0,-10.0,0.14,4.0,3276.7,100
18,12458,52,4328063,52,292098148752688,21319,13,2600,42.281361,-83.745987,224.89999,0.0,269.85001,-0.38999999,0.0,-10.0,-0.27000001,4.0,3276.7,100
18,12458,52,4328063,52,292098148852688,21319,14,2700,42.281361,-83.745987,224.89999,0.0,269.85001,-0.47,0.07,-10.0,-0.07,4.0,3276.7,100
18,12458,52,4328063,52,292098148952725,21319,15,2800,42.281361,-83.745987,224.89999,0.0,269.85001,-0.47,0.07,-10.0,-2.9999999E-2,4.0,3276.7,100
18,12458,52,4328063,52,292098149052751,21319,16,2900,42.281361,-83.745987,224.89999,0.0,269.85001,-0.31,0.0,-10.0,9.0000004E-2,4.0,3276.7,100
18,12458,52,4328063,52,292098149152727,21319,17,3000,42.281361,-83.745987,224.89999,0.0,269.85001,-0.38999999,-7.9999998E-2,-10.0,0.11,4.0,3276.7,100
18,12458,52,4328063,52,292098149252727,21319,18,3100,42.281361,-83.745987,224.89999,0.0,269.85001,-0.54000002,0.0,-10.0,5.0000001E-2,4.0,3276.7,100
18,12458,52,4328063,52,292098149352689,21319,19,3200,42.281361,-83.745987,224.89999,0.0,269.85001,-0.54000002,-7.9999998E-2,-10.0,-0.1,4.0,3276.7,100
18,12458,52,4328063,52,292098149452741,21319,20,3300,42.281361,-83.745987,224.89999,0.0,269.85001,-0.47,-7.9999998E-2,-10.0,-0.18000001,4.0,3276.7,100
18,12458,52,4328063,52,292098149552691,21319,21,3400,42.281361,-83.745987,224.89999,0.0,269.85001,-0.54000002,0.07,-10.0,-0.07,4.0,3276.7,100
18,12458,52,4328063,52,292098149652718,21319,22,3500,42.281361,-83.745987,224.89999,0.0,269.85001,-0.47,0.07,-10.0,-5.0000001E-2,4.0,3276.7,100
18,12458,52,4328063,52,292098149752728,21319,23,3600,42.281361,-83.745987,224.89999,0.0,269.85001,-0.38999999,0.0,-10.0,-0.14,4.0,3276.7,100
18,12458,52,4328063,52,292098149852713,21319,24,3700,42.281361,-83.745987,224.89999,0.0,269.85001,-0.38999999,0.0,-10.0,0.07,4.0,3276.7,100
18,12458,52,4328063,52,292098149952678,21319,25,3800,42.281361,-83.745987,224.89999,0.0,269.85001,-0.47,0.0,-10.0,0.0,4.0,3276.7,100
18,12458,52,4328063,52,292098150052763,21319,26,3900,42.281361,-83.745987,224.89999,0.0,269.85001,-0.47,0.0,-10.0,0.0,4.0,3276.7,100
18,12458,52,4328063,52,292098150152681,21319,27,4000,42.281361,-83.745987,224.89999,0.0,269.85001,-0.54000002,0.0,-10.0,0.0,4.0,3276.7,100
18,12458,52,4328063,52,292098150252681,21319,28,4100,42.281361,-83.745987,224.89999,0.0,269.85001,-0.54000002,-7.9999998E-2,-10.0,-0.15000001,4.0,3276.7,100
18,12458,52,4328063,52,292098150352688,21319,29,4200,42.281361,-83.745987,224.89999,0.0,269.85001,-0.54000002,0.0,-10.0,-0.18000001,4.0,3276.7,100
18,12458,52,4328063,52,292098150452679,21319,30,4300,42.281361,-83.745987,224.89999,0.0,269.85001,-0.47,0.07,-10.0,-2.9999999E-2,4.0,3276.7,100
18,12458,52,4328063,52,292098150552680,21319,31,4400,42.281361,-83.745987,225.0,0.0,269.85001,-0.38999999,0.0,-10.0,9.0000004E-2,4.0,3276.7,100
18,12458,52,4328063,52,292098150652746,21319,32,4500,42.281361,-83.745987,225.0,0.0,269.85001,-0.38999999,0.0,-10.0,2.9999999E-2,4.0,3276.7,100
18,12458,52,4328063,52,292098150752680,21319,33,4600,42.281361,-83.745987,225.0,0.0,269.85001,-0.47,-7.9999998E-2,-10.0,0.02,4.0,3276.7,100
18,12458,52,4328063,52,292098150852682,21319,34,4700,42.281361,-83.745987,225.0,0.0,269.85001,-0.47,-7.9999998E-2,-10.0,-0.15000001,4.0,3276.7,100
18,12458,52,4328063,52,292098150952680,21319,35,4800,42.281361,-83.745987,225.10001,0.0,269.85001,-0.38999999,0.0,-10.0,-0.23,4.0,3276.7,100
18,12458,52,4328063,52,292098151052753,21319,36,4900,42.281361,-83.745987,225.10001,0.0,269.85001,-0.47,0.0,-10.0,-0.12,4.0,3276.7,100
18,12458,52,4328063,52,292098151152683,21319,37,5000,42.281361,-83.745987,225.10001,0.0,269.85001,-0.47,-7.9999998E-2,-10.0,-0.14,4.0,3276.7,100
18,12458,52,4328063,52,292098151252681,21319,38,5100,42.281361,-83.745987,225.10001,0.0,269.85001,-0.54000002,-7.9999998E-2,-10.0,0.0,4.0,3276.7,100
18,12458,52,4328063,52,292098151352680,21319,39,5200,42.281361,-83.745987,225.10001,0.0,269.85001,-0.47,0.0,-10.0,-9.9999998E-3,4.0,3276.7,100
18,12458,52,4328063,52,292098151452725,21319,40,5300,42.281361,-83.745987,225.10001,0.0,269.85001,-0.47,0.0,-10.0,-0.18000001,4.0,3276.7,100
18,12458,52,4328063,52,292098151552681,21319,41,5400,42.281361,-83.745987,225.2,0.0,269.85001,-0.38999999,0.0,-10.0,-0.1,4.0,3276.7,100
18,12458,52,4328063,52,292098151652763,21319,42,5500,42.281361,-83.745987,225.2,0.0,269.85001,-0.38999999,0.0,-10.0,0.0,4.0,3276.7,100
18,12458,52,4328063,52,292098151752684,21319,43,5600,42.281361,-83.745987,225.2,0.0,269.85001,-0.47,0.0,-10.0,0.07,4.0,3276.7,100
18,12458,52,4328063,52,292098151852684,21319,44,5700,42.281361,-83.745987,225.2,0.0,269.85001,-0.47,-7.9999998E-2,-10.0,-9.0000004E-2,4.0,3276.7,100
18,12458,52,4328063,52,292098151952683,21319,45,5800,42.281361,-83.745987,225.2,0.0,269.85001,-0.47,0.0,-10.0,-0.14,4.0,3276.7,100
18,12458,52,4328063,52,292098152052685,21319,46,5900,42.281361,-83.745987,225.2,0.0,269.85001,-0.47,0.0,-10.0,-0.33000001,4.0,3276.7,100
18,12458,52,4328063,52,292098152152699,21319,47,6000,42.281361,-83.745987,225.3,0.0,269.85001,-0.38999999,0.0,-10.0,0.0,4.0,3276.7,100
18,12458,52,4328063,52,292098152252706,21319,48,6100,42.281361,-83.745987,225.3,0.0,269.85001,-0.38999999,0.0,-10.0,-5.0000001E-2,4.0,3276.7,100
18,12458,52,4328063,52,292098152352682,21319,49,6200,42.281361,-83.745987,225.3,0.0,269.85001,-0.38999999,0.0,-10.0,0.0,4.0,3276.7,100
18,12458,52,4328063,52,292098152452683,21319,50,6300,42.281361,-83.745987,225.3,0.0,269.85001,-0.47,0.0,-10.0,5.0000001E-2,4.0,3276.7,100
18,12458,52,4328063,52,292098152552692,21319,51,6400,42.281361,-83.745987,225.39999,0.0,269.85001,-0.54000002,-7.9999998E-2,-10.0,-0.15000001,4.0,3276.7,100
18,12458,52,4328063,52,292098152652747,21319,52,6500,42.281361,-83.745987,225.39999,0.0,269.85001,-0.47,0.0,-10.0,-0.1,4.0,3276.7,100
18,12458,52,4328063,52,292098152752685,21319,53,6600,42.281361,-83.745987,225.5,0.0,269.85001,-0.47,0.0,-10.0,-0.07,4.0,3276.7,100
18,12458,52,4328063,52,292098152852695,21319,54,6700,42.281361,-83.745987,225.5,0.0,269.85001,-0.38999999,0.0,-10.0,-9.0000004E-2,4.0,3276.7,100
18,12458,52,4328063,52,292098152952683,21319,55,6800,42.281361,-83.745987,225.5,0.0,269.85001,-0.38999999,0.0,-10.0,-0.07,4.0,3276.7,100
18,12458,52,4328063,52,292098153052684,21319,56,6900,42.281361,-83.745987,225.5,0.0,269.85001,-0.47,-7.9999998E-2,-10.0,-9.9999998E-3,4.0,3276.7,100
18,12458,52,4328063,52,292098153152685,21319,57,7000,42.281361,-83.745987,225.60001,0.0,269.85001,-0.47,0.0,-10.0,-9.9999998E-3,4.0,3276.7,100
18,12458,52,4328063,52,292098153252683,21319,58,7100,42.281361,-83.745987,225.60001,0.0,269.85001,-0.38999999,0.0,-10.0,-5.0000001E-2,4.0,3276.7,100
18,12458,52,4328063,52,292098153352684,21319,59,7200,42.281361,-83.745987,225.60001,0.0,269.85001,-0.38999999,0.0,-10.0,0.0,4.0,3276.7,100
18,12458,52,4328063,52,292098153452685,21319,60,7300,42.281361,-83.745987,225.7,0.0,269.85001,-0.47,0.0,-10.0,2.9999999E-2,4.0,3276.7,100
18,12458,52,4328063,52,292098153552721,21319,61,7400,42.281361,-83.745987,225.7,0.0,269.85001,-0.54000002,0.0,-10.0,2.9999999E-2,4.0,3276.7,100
18,12458,52,4328063,52,292098153652719,21319,62,7500,42.281361,-83.745987,225.7,0.0,269.85001,-0.54000002,0.0,-10.0,-0.07,4.0,3276.7,100
18,12458,52,4328063,52,292098153752700,21319,63,7600,42.281361,-83.745987,225.8,0.0,269.85001,-0.47,0.0,-10.0,-0.23,4.0,3276.7,100
18,12458,52,4328063,52,292098153852685,21319,64,7700,42.281361,-83.745987,225.8,0.0,269.85001,-0.38999999,0.07,-10.0,-0.1,4.0,3276.7,100
18,12458,52,4328063,52,292098153952686,21319,65,7800,42.281361,-83.745987,225.8,0.0,269.85001,-0.38999999,0.0,-10.0,-0.11,4.0,3276.7,100
18,12458,52,4328063,52,292098154052688,21319,66,7900,42.281361,-83.745987,225.89999,0.0,269.85001,-0.38999999,-7.9999998E-2,-10.0,-2.9999999E-2,4.0,3276.7,100
18,12458,52,4328063,52,292098154152687,21319,67,8000,42.281361,-83.745987,225.89999,0.0,269.85001,-0.47,-7.9999998E-2,-10.0,-5.0000001E-2,4.0,3276.7,100
18,12458,52,4328063,52,292098154252748,21319,68,8100,42.281361,-83.745987,225.89999,0.0,269.85001,-0.54000002,0.0,-10.0,-0.07,4.0,3276.7,100
18,12458,52,4328063,52,292098154352685,21319,69,8200,42.281361,-83.745987,226.0,0.0,269.85001,-0.38999999,0.0,-10.0,-0.23,4.0,3276.7,100
18,12458,52,4328063,52,292098154452771,21319,70,8300,42.281361,-83.745987,226.0,0.0,269.85001,-0.47,0.0,-10.0,0.18000001,4.0,3276.7,100
18,12458,52,4328063,52,292098154552687,21319,71,8400,42.281361,-83.745987,226.10001,0.0,269.85001,-0.38999999,-7.9999998E-2,-10.0,9.9999998E-3,4.0,3276.7,100
18,12458,52,4328063,52,292098154652688,21319,72,8500,42.281361,-83.745987,226.10001,0.0,269.85001,-0.38999999,0.0,-10.0,-0.15000001,4.0,3276.7,100
18,12458,52,4328063,52,292098154752689,21319,73,8600,42.281361,-83.745987,226.2,0.0,269.85001,-0.23,0.0,-10.0,-0.23,4.0,3276.7,100
18,12458,52,4328063,52,292098154852698,21319,74,8700,42.281361,-83.745987,226.2,0.0,269.85001,-0.16,0.07,-10.0,-0.07,4.0,3276.7,100
18,12458,52,4328063,52,292098154952687,21319,75,8800,42.281361,-83.745987,226.3,0.0,269.85001,-7.9999998E-2,0.0,-10.0,0.0,4.0,3276.7,100
18,12458,52,4328063,52,292098155052686,21319,76,8900,42.281361,-83.745987,226.3,0.0,269.85001,-7.9999998E-2,0.07,-10.0,0.15000001,4.0,3276.7,100
18,12458,52,4328063,52,292098155152690,21319,77,9000,42.281361,-83.745987,226.39999,0.0,269.85001,-7.9999998E-2,0.0,-10.0,-5.0000001E-2,4.0,3276.7,100
18,12458,52,4328063,52,292098155252689,21319,78,9100,42.281361,-83.745987,226.39999,0.0,269.85001,0.0,0.0,-10.0,0.0,4.0,3276.7,100
18,12458,52,4328063,52,292098155352701,21319,79,9200,42.281361,-83.745987,226.39999,0.16,269.85001,0.0,-7.9999998E-2,-10.0,0.0,4.0,3276.7,100
18,12458,52,4328063,52,292098155452753,21319,80,9300,42.281361,-83.745987,226.39999,0.22,269.85001,0.0,-7.9999998E-2,-10.0,-0.2,4.0,3276.7,100
18,12458,52,4328063,52,292098155552690,21319,81,9400,42.281361,-83.745987,226.39999,0.30000001,269.85001,0.16,-7.9999998E-2,-10.0,-0.25,4.0,3276.7,100
18,12458,52,4328063,52,292098155652689,21319,82,9500,42.281361,-83.745987,226.39999,0.31999999,269.85001,0.23999999,0.0,-10.0,-5.0000001E-2,4.0,3276.7,100
18,12458,52,4328063,52,292098155752691,21319,83,9600,42.281361,-83.745987,226.39999,0.40000001,269.85001,0.31999999,0.0,-10.0,-0.18000001,4.0,3276.7,100
18,12458,52,4328063,52,292098155852691,21319,84,9700,42.281361,-83.745987,226.39999,0.47999999,269.85001,0.31999999,0.0,-10.0,-0.14,4.0,3276.7,100
18,12458,52,4328063,52,292098155952771,21319,85,9800,42.281361,-83.745987,226.39999,0.60000002,269.85001,0.55000001,0.0,-10.0,-0.38,4.0,3276.7,100
18,12458,52,4328063,52,292098156052691,21319,86,9900,42.281361,-83.745987,226.39999,0.68000001,269.85001,0.55000001,0.07,-10.0,-0.94999999,4.0,3276.7,100
18,12458,52,4328063,52,292098156152688,21319,87,10000,42.281361,-83.745987,226.39999,0.75999999,269.85001,0.63,0.16,-10.0,-1.46,4.0,3276.7,100
18,12458,52,4328063,52,292098156252690,21319,88,10100,42.281361,-83.745987,226.39999,0.89999998,269.85001,0.63,0.23999999,-10.0,-2.0899999,4.0,3276.7,100
18,12458,52,4328063,52,292098156352696,21319,89,10200,42.281361,-83.745987,226.39999,1.02,269.85001,0.70999998,0.23999999,-10.0,-3.2,4.0,-18.4,100
18,12458,52,4328063,52,292098156452690,21319,90,10300,42.281361,-83.745987,226.39999,1.12,269.85001,0.80000001,0.23999999,-10.0,-4.21,4.0,-15.4,100
18,12458,52,4328063,52,292098156552766,21319,91,10400,42.281361,-83.745987,226.39999,1.26,269.85001,0.95999998,0.40000001,-10.0,-5.4400001,4.0,-13.8,64
18,12458,52,4328063,52,292098156652753,21319,92,10500,42.281361,-83.745987,226.39999,1.38,269.85001,0.88,0.47,-10.0,-6.8800001,4.0,12.8,42
18,12458,52,4328063,52,292098156752704,21319,93,10600,42.281361,-83.745987,226.39999,1.52,266.625,0.88,0.55000001,-10.0,-8.21,4.0,13.4,36
18,12458,52,4328063,52,292098156852710,21319,94,10700,42.281361,-83.746002,226.39999,1.66,268.4375,0.80000001,0.80000001,-10.0,-9.8999996,4.0,13.9,32
18,12458,52,4328063,52,292098156952697,21319,95,10800,42.281361,-83.746002,226.39999,1.8,267.32501,0.70999998,0.88,-10.0,-11.78,4.0,14.4,27
18,12458,52,4328063,52,292098157052690,21319,96,10900,42.281361,-83.746002,226.3,1.9,264.54999,0.63,1.04,-10.0,-13.94,4.0,14.8,22
18,12458,52,4328063,52,292098157152690,21319,97,11000,42.281361,-83.746002,226.3,1.98,265.01251,0.47,1.35,-10.0,-16.120001,4.0,15.2,18
18,12458,52,4328063,52,292098157252688,21319,98,11100,42.281361,-83.74601,226.3,2.1199999,261.88751,0.47,1.27,-10.0,-18.51,4.0,15.6,14
18,12458,52,4328063,52,292098157352690,21319,99,11200,42.281361,-83.74601,226.3,2.3199999,261.29999,0.40000001,0.88,-10.0,-20.540001,4.0,16.1,12
18,12458,52,4328063,52,292098157452689,21319,100,11300,42.281361,-83.746017,226.3,2.48,259.54999,0.40000001,1.4400001,-10.0,-21.84,4.0,16.5,12
18,12458,52,4328063,52,292098157552702,21319,101,11400,42.281361,-83.746017,226.3,2.5799999,255.5,0.31999999,1.4400001,-10.0,-24.870001,4.0,16.9,10
18,12458,52,4328063,52,292098157652754,21319,102,11500,42.281361,-83.746017,226.3,2.6199999,256.26251,0.47,1.75,-10.0,-26.540001,4.0,17.200001,10

