5,46035,2048,2254784,2048,292358600756094,22561,52,54600,42.281361,-83.747223,225.60001,11.04,92.912498,0.56999999,20.01,0.0,1.89,14.0,-1392.1,38
5,46035,2048,2254784,2048,292358600856066,22561,53,54700,42.281361,-83.747208,225.60001,10.98,91.699997,0.34999999,20.01,0.0,-0.27000001,14.0,3276.7,68
5,46035,2048,2254784,2048,292358600956041,22561,54,54800,42.281361,-83.747192,225.60001,11.14,92.800003,0.44999999,20.01,0.0,0.85000002,14.0,3276.7,76
5,46035,2048,2254784,2048,292358601056059,22561,55,54900,42.281361,-83.747177,225.60001,11.08,92.037498,0.34,20.01,0.0,-0.25,14.0,3276.7,72
5,46035,2048,2254784,2048,292358601156054,22561,56,55000,42.281361,-83.747162,225.60001,11.08,92.387497,0.25999999,20.01,0.0,-0.07,14.0,3276.7,60
5,46035,2048,2254784,2048,292358601256087,22561,57,55100,42.281361,-83.747147,225.60001,11.0,92.699997,7.9999998E-2,20.01,0.0,0.64999998,14.0,3276.7,90
5,46035,2048,2254784,2048,292358601356050,22561,58,55200,42.281361,-83.747139,225.60001,11.06,92.237503,0.07,20.01,0.0,-0.02,14.0,3276.7,80
5,46035,2048,2254784,2048,292358601456056,22561,59,55300,42.281361,-83.747124,225.60001,11.0,92.050003,-0.02,20.01,0.0,-0.73000002,14.0,3276.7,51
5,46035,2048,2254784,2048,292358601556054,22561,60,55400,42.281361,-83.747108,225.60001,11.04,92.550003,0.0,20.01,0.0,5.0000001E-2,14.0,3276.7,78
5,46035,2048,2254784,2048,292358601656050,22561,61,55500,42.281361,-83.747101,225.60001,11.02,92.412498,-9.9999998E-3,20.01,0.0,0.16,14.0,3276.7,99
5,46035,2048,2254784,2048,292358601756039,22561,62,55600,42.281361,-83.747093,225.7,10.98,92.487503,-9.0000004E-2,20.01,0.0,0.31999999,14.0,3276.7,84
5,46035,2048,2254784,2048,292358601856045,22561,63,55700,42.281361,-83.74707,225.7,10.98,92.849998,-0.1,20.01,0.0,1.03,14.0,3276.7,50
5,46035,2048,2254784,2048,292358601956039,22561,64,55800,42.281361,-83.747063,225.7,10.9,92.324997,-0.19,20.01,0.0,0.17,14.0,3276.7,78
5,46035,2048,2254784,2048,292358602056063,22561,65,55900,42.281361,-83.747047,225.7,10.9,92.574997,-0.22,20.01,0.0,0.2,14.0,3276.7,94
5,46035,2048,2254784,2048,292358602156057,22561,66,56000,42.281361,-83.747032,225.7,10.82,92.1875,-0.31999999,20.01,0.0,-0.57999998,14.0,3276.7,66
5,46035,2048,2254784,2048,292358602256058,22561,67,56100,42.281361,-83.747017,225.7,10.74,92.987503,-0.41999999,20.01,0.0,0.69999999,14.0,3276.7,97
5,46035,2048,2254784,2048,292358602356062,22561,68,56200,42.281361,-83.747009,225.7,10.64,92.800003,-0.52999997,20.01,0.0,0.81999999,14.0,3276.7,74
5,46035,2048,2254784,2048,292358602456041,22561,69,56300,42.281361,-83.746986,225.7,10.44,92.949997,-0.80000001,20.01,0.0,1.02,14.0,3276.7,60
5,46035,2048,2254784,2048,292358602556041,22561,70,56400,42.281361,-83.746979,225.7,10.3,93.349998,-0.97000003,20.01,0.0,1.71,14.0,1444.1,46
5,46035,2048,2254784,2048,292358602656037,22561,71,56500,42.281361,-83.746971,225.7,10.06,92.525002,-1.26,20.01,0.0,0.1,14.0,1263.5,96
5,46035,2048,2254784,2048,292358602756037,22561,72,56600,42.281361,-83.746964,225.8,9.9399996,93.349998,-1.36,20.01,0.0,0.88999999,14.0,1114.7,98
5,46035,2048,2254784,2048,292358602856042,22561,73,56700,42.281361,-83.746948,225.8,9.7399998,91.974998,-1.49,20.01,0.0,-1.5599999,14.0,1170.6,41
5,46035,2048,2254784,2048,292358602956041,22561,74,56800,42.281361,-83.746933,225.8,9.5600004,93.050003,-1.59,20.01,0.0,-0.38999999,14.0,1305.3,44
5,46035,2048,2254784,2048,292358603056053,22561,75,56900,42.281361,-83.746933,225.8,9.4200001,92.449997,-1.61,20.01,0.0,-0.88,14.0,3276.7,45
5,46035,2048,2254784,2048,292358603156070,22561,76,57000,42.281361,-83.74691,225.8,9.2399998,92.087502,-1.63,20.01,0.0,-1.67,14.0,3276.7,42
5,46035,2048,2254784,2048,292358603256035,22561,77,57100,42.281361,-83.746902,225.8,9.1400003,92.387497,-1.5599999,20.01,0.0,-1.15,14.0,3276.7,48
5,46035,2048,2254784,2048,292358603356036,22561,78,57200,42.281361,-83.746887,225.8,9.04,92.112503,-1.4400001,20.01,0.0,-1.2,14.0,3276.7,66
5,46035,2048,2254784,2048,292358603456045,22561,79,57300,42.281349,-83.74688,225.89999,9.0600004,92.787498,-1.14,20.01,0.0,0.31,14.0,3276.7,55
5,46035,2048,2254784,2048,292358603556038,22561,80,57400,42.281349,-83.746857,225.89999,9.0200005,92.362503,-0.91000003,20.01,0.0,0.18000001,14.0,3276.7,46
5,46035,2048,2254784,2048,292358603656040,22561,81,57500,42.281349,-83.746857,225.89999,9.0,92.449997,-0.74000001,20.01,0.0,0.23999999,14.0,-1437.6,46
5,46035,2048,2254784,2048,292358603756035,22561,82,57600,42.281349,-83.746849,225.89999,8.9799995,92.650002,-0.57999998,20.01,0.0,0.63,14.0,-1439.4,46
5,46035,2048,2254784,2048,292358603856036,22561,83,57700,42.281349,-83.746834,225.89999,8.8999996,92.212502,-0.56999999,20.01,0.0,-0.15000001,14.0,-1469.1,72
5,46035,2048,2254784,2048,292358603956040,22561,84,57800,42.281349,-83.746834,226.0,8.8599997,92.862503,-0.50999999,20.01,0.0,0.75,14.0,3276.7,64
5,46035,2048,2254784,2048,292358604056035,22561,85,57900,42.281349,-83.746811,225.89999,8.8599997,92.900002,-0.44,20.01,0.0,1.11,14.0,3276.7,52
5,46035,2048,2254784,2048,292358604156039,22561,86,58000,42.281349,-83.746803,225.89999,8.7799997,92.537498,-0.44999999,20.01,-0.02,0.37,14.0,3276.7,85
5,46035,2048,2254784,2048,292358604255898,22561,87,58100,42.281349,-83.746803,226.0,8.7399998,91.487503,-0.44999999,20.01,0.0,-2.1099999,9.0,3276.7,40
5,46035,2048,2254784,2048,292358604355826,22561,88,58200,42.281349,-83.74678,226.0,8.7600002,91.599998,-0.36000001,20.01,0.0,-2.6900001,9.0,3276.7,34
5,46035,2048,2254784,2048,292358604455820,22561,89,58300,42.281349,-83.746773,226.0,8.6599998,92.400002,-0.41999999,20.01,0.0,-0.88999999,9.0,3276.7,42
5,46035,2048,2254784,2048,292358604555820,22561,90,58400,42.281349,-83.746758,226.0,8.6000004,92.425003,-0.47,20.01,0.0,0.2,9.0,-1360.0,94
5,46035,2048,2254784,2048,292358604655815,22561,91,58500,42.281349,-83.74675,226.0,8.6199999,92.449997,-0.37,20.01,0.0,0.74000001,9.0,-1334.6,45
5,46035,2048,2254784,2048,292358604755815,22561,92,58600,42.281349,-83.746742,226.0,8.5600004,92.525002,-0.38,20.01,0.0,1.02,9.0,3276.7,40
5,46035,2048,2254784,2048,292358604855934,22561,93,58700,42.281349,-83.746727,226.0,8.54,91.862503,-0.36000001,20.01,0.0,-0.31999999,9.0,3276.7,54
5,46035,2048,2254784,2048,292358604955893,22561,94,58800,42.281349,-83.746719,226.0,8.46,92.474998,-0.40000001,20.01,0.0,0.25999999,9.0,3276.7,69
5,46035,2048,2254784,2048,292358605055813,22561,95,58900,42.281349,-83.746712,226.0,8.4200001,92.650002,-0.41,20.01,0.0,0.82999998,9.0,3276.7,60
5,46035,2048,2254784,2048,292358605155852,22561,96,59000,42.281349,-83.746696,226.0,8.4399996,92.050003,-0.33000001,20.01,0.0,-0.20999999,9.0,3276.7,95
5,46035,2048,2254784,2048,292358605255896,22561,97,59100,42.281349,-83.746689,226.10001,8.3999996,92.599998,-0.31999999,20.01,0.0,0.37,9.0,3276.7,98
5,46035,2048,2254784,2048,292358605355926,22561,98,59200,42.281349,-83.746681,226.10001,8.3599997,91.5625,-0.31999999,20.01,0.0,-1.41,9.0,3276.7,46
5,46035,2048,2254784,2048,292358605455977,22561,99,59300,42.281349,-83.746674,226.10001,8.3599997,92.712502,-0.28,20.01,0.0,0.22,9.0,3276.7,73
5,46035,2048,2254784,2048,292358605555966,22561,100,59400,42.281349,-83.746658,226.10001,8.2399998,92.474998,-0.40000001,20.01,0.0,0.51999998,9.0,3276.7,88
5,46035,2048,2254784,2048,292358605655925,22561,101,59500,42.281349,-83.746651,226.10001,8.3999996,91.425003,-0.15000001,20.01,0.0,-1.48,9.0,3276.7,50
5,46035,2048,2254784,2048,292358605755933,22561,102,59600,42.281349,-83.746643,226.10001,8.4200001,92.0,0.0,20.01,0.0,-1.0700001,9.0,3276.7,49
5,46035,2048,2254784,2048,292358605855928,22561,103,59700,42.281349,-83.746628,226.10001,8.4399996,92.5,0.07,20.01,0.0,0.33000001,9.0,3276.7,91
5,46035,2048,2254784,2048,292358605955894,22561,104,59800,42.281349,-83.74662,226.10001,8.5600004,92.25,0.27000001,20.01,0.0,0.44999999,9.0,3276.7,56
5,46035,2048,2254784,2048,292358606055894,22561,105,59900,42.281349,-83.746597,226.10001,8.6800003,91.474998,0.5,20.01,0.0,-1.0700001,9.0,3276.7,92
5,46035,2048,2254784,2048,292358606155814,22561,106,0,42.281349,-83.746597,226.10001,8.6999998,93.099998,0.54000002,20.01,0.0,1.5599999,9.0,3276.7,46
5,46035,2048,2254784,2048,292358606255818,22561,107,100,42.281349,-83.746582,226.10001,8.7600002,92.675003,0.55000001,20.01,0.0,1.71,9.0,3276.7,40
5,46035,2048,2254784,2048,292358606355802,22561,108,200,42.281349,-83.746567,226.10001,9.0200005,91.537498,0.87,20.01,0.0,-0.75999999,9.0,3276.7,98
5,46035,2048,2254784,2048,292358606455826,22561,109,300,42.281349,-83.746567,226.10001,9.0799999,92.349998,0.94,20.01,0.0,-0.23999999,9.0,3276.7,71
5,46035,2048,2254784,2048,292358606555816,22561,110,400,42.281349,-83.746552,226.10001,9.1999998,92.387497,1.01,20.01,0.0,0.12,9.0,3276.7,76
5,46035,2048,2254784,2048,292358606655891,22561,111,500,42.281349,-83.746536,226.10001,9.3999996,91.474998,1.17,20.01,0.0,-1.49,9.0,3276.7,44
5,46035,2048,2254784,2048,292358606755815,22561,112,600,42.281349,-83.746529,226.10001,9.4200001,92.224998,1.09,20.01,0.0,-0.54000002,9.0,3276.7,49
5,46035,2048,2254784,2048,292358606855841,22561,113,700,42.281349,-83.746521,226.10001,9.4799995,92.699997,0.99000001,20.01,0.0,0.94999999,9.0,3276.7,73
5,46035,2048,2254784,2048,292358606955911,22561,114,800,42.281349,-83.746513,226.2,9.6999998,92.625,1.14,20.01,0.0,1.36,9.0,3276.7,44
5,46035,2048,2254784,2048,292358607055818,22561,115,900,42.281349,-83.746498,226.2,9.7600002,93.037498,1.11,20.01,0.0,2.0999999,9.0,3276.7,38
5,46035,2048,2254784,2048,292358607155816,22561,116,1000,42.281349,-83.746483,226.2,9.8199997,92.887497,1.02,20.01,0.0,1.76,9.0,3276.7,40
5,46035,2048,2254784,2048,292358607255852,22561,117,1100,42.281342,-83.746468,226.2,9.8599997,92.474998,0.88999999,20.01,0.0,0.44999999,9.0,1412.2,78
5,46035,2048,2254784,2048,292358607355815,22561,118,1200,42.281342,-83.74646,226.2,9.9399996,93.087502,0.83999997,20.01,0.0,0.89999998,9.0,1098.0,96
5,46035,2048,2254784,2048,292358607455907,22561,119,1300,42.281342,-83.746437,226.2,9.9799995,93.199997,0.74000001,20.01,0.0,1.16,9.0,899.5,94
5,46035,2048,2254784,2048,292358607555809,22561,120,1400,42.281342,-83.746437,226.2,10.02,93.050003,0.66000003,20.01,0.0,0.79000002,9.0,780.0,80
5,46035,2048,2254784,2048,292358607655849,22561,121,1500,42.281342,-83.746422,226.2,9.9200001,92.537498,0.38,20.01,0.0,-0.55000001,9.0,746.0,44
5,46035,2048,2254784,2048,292358607755867,22561,122,1600,42.281342,-83.746407,226.2,9.9399996,92.75,0.23999999,20.01,0.0,-0.68000001,9.0,769.5,41
5,46035,2048,2254784,2048,292358607855983,22561,123,1700,42.281342,-83.746399,226.2,9.8999996,92.212502,0.11,20.01,0.0,-1.67,9.0,892.20001,38
5,46035,2048,2254784,2048,292358607955944,22561,124,1800,42.281342,-83.746384,226.3,9.8199997,91.625,-7.9999998E-2,20.01,0.0,-2.98,9.0,1320.6,34
5,46035,2048,2254784,2048,292358608055915,22561,125,1900,42.281342,-83.746384,226.3,9.7200003,93.087502,-0.30000001,20.01,0.0,-0.2,9.0,3276.7,56
5,46035,2048,2254784,2048,292358608155848,22561,126,2000,42.281342,-83.746361,226.3,9.8199997,91.5,-0.18000001,20.01,0.0,-1.88,9.0,3276.7,58
5,46035,2048,2254784,2048,292358608255852,22561,127,2100,42.281342,-83.746353,226.3,9.6999998,91.837502,-0.28999999,20.01,0.0,-1.6900001,9.0,3276.7,74
5,46035,2048,2254784,2048,292358608355937,22561,0,2200,42.281342,-83.746338,226.3,9.6400003,92.675003,-0.37,20.01,0.0,0.37,9.0,-1459.4,46
5,46035,2048,2254784,2048,292358608455822,22561,1,2300,42.281342,-83.74633,226.39999,9.6999998,90.887497,-0.27000001,20.01,0.0,-2.1600001,9.0,-965.79999,97
5,46035,2048,2254784,2048,292358608555864,22561,2,2400,42.281342,-83.746323,226.39999,9.5200005,92.050003,-0.44999999,20.01,0.0,-0.73000002,9.0,-753.90002,74
5,46035,2048,2254784,2048,292358608655872,22561,3,2500,42.281342,-83.746307,226.39999,9.6199999,91.650002,-0.28999999,20.01,0.0,-0.66000003,9.0,-643.0,66
5,46035,2048,2254784,2048,292358608755862,22561,4,2600,42.281342,-83.746292,226.39999,9.5,91.462502,-0.37,20.01,0.0,-0.85000002,9.0,-575.09998,75
5,46035,2048,2254784,2048,292358608855985,22561,5,2700,42.281342,-83.746277,226.5,9.4399996,91.787498,-0.44999999,20.01,0.0,-0.15000001,9.0,-544.70001,58
5,46035,2048,2254784,2048,292358608956053,22561,6,2800,42.281342,-83.746269,226.5,9.4200001,91.587502,-0.41999999,20.01,0.0,-0.17,9.0,-537.40002,58
5,46035,2048,2254784,2048,292358609056055,22561,7,2900,42.281342,-83.746262,226.5,9.4200001,91.900002,-0.36000001,20.01,0.0,0.47999999,9.0,-559.70001,48
5,46035,2048,2254784,2048,292358609156064,22561,8,3000,42.281342,-83.746246,226.5,9.3000002,92.012497,-0.44999999,20.01,0.0,0.92000002,9.0,-622.59998,45
5,46035,2048,2254784,2048,292358609256038,22561,9,3100,42.281342,-83.746239,226.5,9.2799997,92.037498,-0.44,20.01,0.0,1.0,9.0,-745.20001,46
5,46035,2048,2254784,2048,292358609356021,22561,10,3200,42.281342,-83.746223,226.5,9.3000002,92.137497,-0.34999999,20.01,-0.02,1.03,9.0,-982.70001,48
5,46035,2048,2254784,2048,292358609456066,22561,11,3300,42.281342,-83.746223,226.5,9.2200003,91.824997,-0.40000001,20.01,-0.02,0.25,9.0,-1414.7,93
5,46035,2048,2254784,2048,292358609555911,22561,12,3400,42.281342,-83.746201,226.60001,9.1599998,91.862503,-0.43000001,20.01,0.0,-0.11,9.0,3276.7,67
5,46035,2048,2254784,2048,292358609655906,22561,13,3500,42.281342,-83.746193,226.60001,9.1999998,91.849998,-0.33000001,20.01,0.0,-0.28,9.0,3276.7,49
5,46035,2048,2254784,2048,292358609755906,22561,14,3600,42.281342,-83.746178,226.60001,9.1400003,91.587502,-0.33000001,20.01,0.0,-0.83999997,9.0,3276.7,45
5,46035,2048,2254784,2048,292358609855910,22561,15,3700,42.281342,-83.74617,226.60001,9.0799999,91.849998,-0.37,20.01,0.0,-0.44,9.0,3276.7,49
5,46035,2048,2254784,2048,292358609955886,22561,16,3800,42.281342,-83.746147,226.60001,9.1199999,91.8125,-0.28,20.01,0.0,-0.22,9.0,3276.7,74
5,46035,2048,2254784,2048,292358610055912,22561,17,3900,42.28133,-83.746147,226.60001,9.1599998,91.887497,-0.11,20.01,0.0,5.9999999E-2,9.0,3276.7,94
5,46035,2048,2254784,2048,292358610155881,22561,18,4000,42.281342,-83.746132,226.60001,9.3599997,91.1875,0.23999999,20.01,0.0,-1.16,9.0,3276.7,71
5,46035,2048,2254784,2048,292358610255883,22561,19,4100,42.281342,-83.746117,226.60001,9.54,91.074997,0.60000002,20.01,-0.02,-1.76,9.0,3276.7,47
5,46035,2048,2254784,2048,292358610355877,22561,20,4200,42.28133,-83.746109,226.60001,9.6800003,91.762497,0.85000002,20.01,0.0,-0.36000001,9.0,3276.7,86
5,46035,2048,2254784,2048,292358610455886,22561,21,4300,42.28133,-83.746101,226.7,9.7399998,91.337502,0.92000002,20.01,0.0,-0.44,9.0,3276.7,89
5,46035,2048,2254784,2048,292358610555877,22561,22,4400,42.28133,-83.746094,226.7,9.8199997,91.775002,0.94,20.01,0.0,0.46000001,9.0,3276.7,48
5,46035,2048,2254784,2048,292358610655885,22561,23,4500,42.28133,-83.746078,226.7,10.04,91.974998,1.12,20.01,0.0,1.2,9.0,3276.7,40
5,46035,2048,2254784,2048,292358610755917,22561,24,4600,42.28133,-83.746063,226.7,9.9799995,92.699997,0.94,20.01,0.0,2.74,9.0,3276.7,34
5,46035,2048,2254784,2048,292358610855886,22561,25,4700,42.28133,-83.746063,226.7,10.04,92.400002,0.81,20.01,0.0,2.4000001,9.0,3276.7,36
5,46035,2048,2254784,2048,292358610955994,22561,26,4800,42.28133,-83.74604,226.7,10.28,90.9375,0.99000001,20.01,0.0,-1.09,9.0,3276.7,72
5,46035,2048,2254784,2048,292358611055912,22561,27,4900,42.28133,-83.746033,226.7,10.28,92.650002,0.94,20.01,0.0,0.70999998,9.0,3276.7,64
5,46035,2048,2254784,2048,292358611155880,22561,28,5000,42.28133,-83.746017,226.7,10.34,92.387497,0.85000002,20.01,0.0,0.95999998,9.0,3276.7,76
5,46035,2048,2254784,2048,292358611255889,22561,29,5100,42.28133,-83.746002,226.8,10.4,91.9375,0.77999997,20.01,0.0,0.02,9.0,1261.6,50
5,46035,2048,2254784,2048,292358611355912,22561,30,5200,42.28133,-83.745987,226.8,10.46,92.425003,0.74000001,20.01,0.0,0.50999999,9.0,1115.0,66
5,46035,2048,2254784,2048,292358611455917,22561,31,5300,42.28133,-83.745979,226.7,10.52,92.199997,0.68000001,20.01,0.0,0.2,9.0,1040.6,68
5,46035,2048,2254784,2048,292358611555877,22561,32,5400,42.28133,-83.745956,226.8,10.58,92.337502,0.64999998,20.01,0.0,0.28,9.0,1004.8,78
5,46035,2048,2254784,2048,292358611655885,22561,33,5500,42.28133,-83.745949,226.8,10.68,92.199997,0.69,20.01,0.0,0.0,9.0,1012.1,77
5,46035,2048,2254784,2048,292358611755908,22561,34,5600,42.28133,-83.745941,226.8,10.74,92.699997,0.69,20.01,0.0,0.83999997,9.0,1004.3,86
5,46035,2048,2254784,2048,292358611855908,22561,35,5700,42.28133,-83.745934,226.7,10.74,92.337502,0.61000001,20.01,-0.02,0.38,9.0,1011.1,88
5,46035,2048,2254784,2048,292358611955910,22561,36,5800,42.28133,-83.745911,226.7,10.82,92.262497,0.58999997,20.01,-3.9999999E-2,-5.0000001E-2,9.0,1056.6,90
5,46035,2048,2254784,2048,292358612055907,22561,37,5900,42.28133,-83.745903,226.7,10.88,92.3125,0.60000002,20.01,-3.9999999E-2,-0.16,9.0,1148.7,78
5,46035,2048,2254784,2048,292358612155879,22561,38,6000,42.28133,-83.745888,226.8,10.96,92.625,0.62,20.01,0.0,0.41,9.0,1245.8,98
5,46035,2048,2254784,2048,292358612255879,22561,39,6100,42.28133,-83.745872,226.8,10.96,92.462502,0.54000002,20.01,0.0,0.31,9.0,1355.4,94
5,46035,2048,2254784,2048,292358612355916,22561,40,6200,42.28133,-83.745857,226.8,11.0,92.525002,0.49000001,20.01,0.0,0.31,9.0,1475.5,92
5,46035,2048,2254784,2048,292358612455911,22561,41,6300,42.28133,-83.745842,226.8,11.08,92.6875,0.51999998,20.01,0.0,0.56,9.0,3276.7,82
5,46035,2048,2254784,2048,292358612555905,22561,42,6400,42.28133,-83.745827,226.8,11.14,92.387497,0.52999997,20.01,0.0,0.0,9.0,3276.7,96
5,46035,2048,2254784,2048,292358612655902,22561,43,6500,42.28133,-83.745819,226.8,11.22,92.550003,0.56999999,20.01,0.0,0.02,9.0,3276.7,88
5,46035,2048,2254784,2048,292358612755901,22561,44,6600,42.28133,-83.745796,226.8,11.26,92.525002,0.55000001,20.01,0.0,0.0,9.0,3276.7,84
5,46035,2048,2254784,2048,292358612855891,22561,45,6700,42.28133,-83.745789,226.8,11.28,92.400002,0.49000001,20.01,0.0,-0.25999999,9.0,3276.7,76
5,46035,2048,2254784,2048,292358612955896,22561,46,6800,42.28133,-83.745773,226.8,11.32,92.75,0.46000001,20.01,0.0,0.33000001,9.0,3276.7,100
5,46035,2048,2254784,2048,292358613055907,22561,47,6900,42.28133,-83.745773,226.8,11.34,92.762497,0.40000001,20.01,0.0,0.60000002,9.0,3276.7,78
5,46035,2048,2254784,2048,292358613155904,22561,48,7000,42.281319,-83.74575,226.8,11.26,92.800003,0.20999999,20.01,0.0,0.68000001,9.0,3276.7,68
5,46035,2048,2254784,2048,292358613255892,22561,49,7100,42.281319,-83.745743,226.89999,11.32,92.75,0.18000001,20.01,0.0,0.47999999,9.0,3276.7,77
5,46035,2048,2254784,2048,292358613355906,22561,50,7200,42.281319,-83.74572,226.89999,11.2,92.900002,-9.9999998E-3,20.01,0.0,0.57999998,9.0,3276.7,82
5,46035,2048,2254784,2048,292358613455904,22561,51,7300,42.281319,-83.745697,226.89999,11.2,92.612503,-9.0000004E-2,20.01,0.0,-0.02,9.0,3276.7,88
5,46035,2048,2254784,2048,292358613555900,22561,52,7400,42.281319,-83.745697,226.89999,11.1,92.800003,-0.25,20.01,0.0,5.0000001E-2,9.0,3276.7,78
5,46035,2048,2254784,2048,292358613655895,22561,53,7500,42.281319,-83.745682,226.89999,11.1,92.800003,-0.28,20.01,0.0,0.07,9.0,3276.7,79
5,46035,2048,2254784,2048,292358613755896,22561,54,7600,42.281319,-83.745667,226.89999,11.02,92.8125,-0.36000001,20.01,0.0,9.0000004E-2,9.0,3276.7,84
5,46035,2048,2254784,2048,292358613855899,22561,55,7700,42.281319,-83.745651,226.89999,10.96,92.4375,-0.43000001,20.01,0.0,-0.64999998,9.0,3276.7,60
5,46035,2048,2254784,2048,292358613955886,22561,56,7800,42.281319,-83.745644,227.0,10.94,92.949997,-0.41999999,20.01,0.0,0.11,9.0,3276.7,86
5,46035,2048,2254784,2048,292358614055939,22561,57,7900,42.281319,-83.745628,227.0,10.86,92.599998,-0.47,20.01,0.0,-0.2,9.0,3276.7,89
5,46035,2048,2254784,2048,292358614155876,22561,58,8000,42.281319,-83.745613,227.0,10.82,92.8125,-0.49000001,20.01,0.0,7.9999998E-2,9.0,3276.7,96
5,46035,2048,2254784,2048,292358614255891,22561,59,8100,42.281319,-83.745613,227.0,10.68,93.9375,-0.61000001,20.01,0.0,2.3900001,9.0,3276.7,40
5,46035,2048,2254784,2048,292358614355891,22561,60,8200,42.281319,-83.74559,227.0,10.68,92.900002,-0.56,20.01,0.0,1.04,9.0,3276.7,44
5,46035,2048,2254784,2048,292358614455898,22561,61,8300,42.281319,-83.745567,227.10001,10.6,92.75,-0.60000002,20.01,0.0,-0.12,9.0,3276.7,96
5,46035,2048,2254784,2048,292358614555899,22561,62,8400,42.281319,-83.745567,227.10001,10.62,92.5,-0.49000001,20.01,0.0,-1.14,9.0,3276.7,45
5,46035,2048,2254784,2048,292358614655897,22561,63,8500,42.281319,-83.745552,227.10001,10.52,92.612503,-0.50999999,20.01,0.0,-1.2,9.0,3276.7,40
5,46035,2048,2254784,2048,292358614755892,22561,64,8600,42.281319,-83.745537,227.10001,10.46,92.587502,-0.52999997,20.01,0.0,-1.0599999,9.0,3276.7,42
5,46035,2048,2254784,2048,292358614855889,22561,65,8700,42.281311,-83.745529,227.2,10.36,92.887497,-0.62,20.01,0.0,-0.2,9.0,3276.7,70
5,46035,2048,2254784,2048,292358614955892,22561,66,8800,42.281311,-83.745506,227.2,10.26,92.574997,-0.70999998,20.01,0.0,-0.33000001,9.0,3276.7,98
5,46035,2048,2254784,2048,292358615055888,22561,67,8900,42.281311,-83.745499,227.2,10.08,92.5625,-0.91000003,20.01,0.0,-0.36000001,9.0,3276.7,88
5,46035,2048,2254784,2048,292358615155866,22561,68,9000,42.281311,-83.745491,227.2,10.0,92.449997,-0.97000003,20.01,0.0,-0.52999997,9.0,3276.7,90
5,46035,2048,2254784,2048,292358615255890,22561,69,9100,42.281311,-83.745483,227.3,9.7799997,92.324997,-1.16,20.01,0.0,-0.75,9.0,3276.7,98
5,46035,2048,2254784,2048,292358615355893,22561,70,9200,42.281311,-83.745468,227.3,9.5799999,92.599998,-1.36,20.01,0.0,-0.18000001,9.0,3276.7,85
5,46035,2048,2254784,2048,292358615455892,22561,71,9300,42.281311,-83.745453,227.3,9.46,92.449997,-1.42,20.01,0.0,-0.14,9.0,3276.7,78
5,46035,2048,2254784,2048,292358615555901,22561,72,9400,42.281311,-83.745453,227.39999,9.2600002,92.25,-1.51,20.01,0.0,-0.5,9.0,-1408.8,92
5,46035,2048,2254784,2048,292358615655898,22561,73,9500,42.281311,-83.74543,227.39999,9.1599998,92.224998,-1.48,20.01,0.0,-0.62,9.0,-1283.7,94
5,46035,2048,2254784,2048,292358615755897,22561,74,9600,42.281311,-83.745422,227.39999,8.96,92.300003,-1.54,20.01,0.0,-0.40000001,9.0,-1198.3,96
5,46035,2048,2254784,2048,292358615855896,22561,75,9700,42.281311,-83.745407,227.5,8.8000002,91.75,-1.5700001,20.01,0.0,-1.3,9.0,-1064.4,64
5,46035,2048,2254784,2048,292358615955894,22561,76,9800,42.281311,-83.745399,227.5,8.6000004,92.162498,-1.65,20.01,0.0,-0.68000001,9.0,-962.79999,78
5,46035,2048,2254784,2048,292358616055892,22561,77,9900,42.281311,-83.745392,227.5,8.3199997,92.375,-1.84,20.01,0.0,0.17,9.0,-934.59998,76
5,46035,2048,2254784,2048,292358616155871,22561,78,10000,42.281311,-83.745377,227.5,8.0600004,92.3125,-2.03,20.01,0.0,0.44,9.0,-975.29999,50
5,46035,2048,2254784,2048,292358616255677,22561,79,10100,42.281311,-83.745369,227.5,7.7399998,92.612503,-2.29,20.01,-0.02,1.0700001,9.0,-1148.1,44
5,46035,2048,2254784,2048,292358616355811,22561,80,10200,42.281311,-83.745361,227.5,7.5,92.724998,-2.29,20.01,-0.02,1.0700001,9.0,3276.7,44
5,46035,2048,2254784,2048,292358616455902,22561,81,10300,42.281311,-83.745354,227.60001,7.1599998,92.637497,-2.9100001,20.01,0.0,1.21,9.0,3276.7,46
5,46035,2048,2254784,2048,292358616555895,22561,82,10400,42.281311,-83.745354,227.60001,6.8400002,92.400002,-3.1700001,20.01,0.0,0.60000002,9.0,3276.7,74
5,46035,2048,2254784,2048,292358616655896,22561,83,10500,42.281311,-83.745338,227.60001,6.6199999,92.212502,-3.1199999,20.01,0.0,-0.19,9.0,3276.7,68
5,46035,2048,2254784,2048,292358616755895,22561,84,10600,42.281311,-83.745331,227.60001,6.46,92.387497,-2.8900001,20.01,0.0,-0.20999999,9.0,3276.7,49
5,46035,2048,2254784,2048,292358616855892,22561,85,10700,42.281311,-83.745323,227.60001,6.2199998,92.3125,-2.72,20.01,-0.02,-0.31999999,9.0,3276.7,48
5,46035,2048,2254784,2048,292358616955895,22561,86,10800,42.281311,-83.745323,227.60001,6.1399999,92.412498,-2.3699999,20.01,-0.02,-0.11,9.0,3276.7,58
5,46035,2048,2254784,2048,292358617055864,22561,87,10900,42.281311,-83.745308,227.60001,6.04,92.487503,-2.04,20.01,-0.02,0.14,9.0,3276.7,84
5,46035,2048,2254784,2048,292358617155871,22561,88,11000,42.281311,-83.7453,227.60001,6.04,91.650002,-1.61,20.01,-0.02,-1.39,9.0,3276.7,48
5,46035,2048,2254784,2048,292358617255896,22561,89,11100,42.281311,-83.745293,227.60001,5.96,92.025002,-1.3,20.01,-0.02,-1.14,9.0,3276.7,48
5,46035,2048,2254784,2048,292358617355894,22561,90,11200,42.281311,-83.745293,227.7,5.9200001,91.537498,-1.0599999,20.01,0.0,-1.74,9.0,3276.7,46
5,46035,2048,2254784,2048,292358617455897,22561,91,11300,42.281311,-83.745277,227.7,5.9000001,92.650002,-0.85000002,20.01,0.0,0.47,9.0,3276.7,76
5,46035,2048,2254784,2048,292358617555892,22561,92,11400,42.281311,-83.74527,227.7,5.8200002,92.012497,-0.75,20.01,0.0,0.23,9.0,3276.7,48
5,46035,2048,2254784,2048,292358617655896,22561,93,11500,42.281311,-83.745262,227.7,5.8600001,91.824997,-0.56,20.01,0.0,-0.30000001,9.0,-1373.6,60
5,46035,2048,2254784,2048,292358617755894,22561,94,11600,42.281311,-83.745247,227.7,5.7800002,92.75,-0.50999999,20.01,0.0,1.28,9.0,-1478.0,42
5,46035,2048,2254784,2048,292358617855887,22561,95,11700,42.281311,-83.745247,227.7,5.7399998,91.849998,-0.47,20.01,0.0,5.9999999E-2,9.0,3276.7,54
5,46035,2048,2254784,2048,292358617955914,22561,96,11800,42.281311,-83.745247,227.7,5.7600002,93.037498,-0.34999999,20.01,0.0,1.77,9.0,3276.7,44
5,46035,2048,2254784,2048,292358618055888,22561,97,11900,42.281311,-83.745239,227.7,5.6999998,92.699997,-0.36000001,20.01,0.0,1.62,9.0,3276.7,44
5,46035,2048,2254784,2048,292358618155872,22561,98,12000,42.281311,-83.745232,227.7,5.6999998,92.0625,-0.28999999,20.01,0.0,-9.9999998E-3,9.0,3276.7,98
5,46035,2048,2254784,2048,292358618255889,22561,99,12100,42.281311,-83.745216,227.7,5.6199999,92.099998,-0.34999999,20.01,0.0,-0.75999999,9.0,3276.7,46
5,46035,2048,2254784,2048,292358618355898,22561,100,12200,42.281311,-83.745216,227.8,5.6399999,92.012497,-0.30000001,20.01,0.0,-1.13,9.0,3276.7,39
5,46035,2048,2254784,2048,292358618455897,22561,101,12300,42.281311,-83.745209,227.8,5.5799999,91.912498,-0.31,20.01,0.0,-1.29,9.0,3276.7,39
5,46035,2048,2254784,2048,292358618555898,22561,102,12400,42.281311,-83.745201,227.8,5.5799999,92.224998,-0.28999999,20.01,0.0,-0.50999999,9.0,3276.7,48
5,46035,2048,2254784,2048,292358618655913,22561,103,12500,42.281311,-83.745193,227.8,5.52,92.5,-0.31999999,20.01,0.0,0.49000001,9.0,3276.7,82
5,46035,2048,2254784,2048,292358618755915,22561,104,12600,42.281311,-83.745193,227.8,5.5599999,92.712502,-0.22,20.01,0.0,1.3200001,9.0,3276.7,43
5,46035,2048,2254784,2048,292358618855926,22561,105,12700,42.281311,-83.745193,227.8,5.48,92.037498,-0.27000001,20.01,0.0,0.15000001,9.0,3276.7,49
5,46035,2048,2254784,2048,292358618955899,22561,106,12800,42.281311,-83.745178,227.8,5.48,92.712502,-0.23,20.01,0.0,0.87,9.0,3276.7,48
5,46035,2048,2254784,2048,292358619055870,22561,107,12900,42.281311,-83.745171,227.8,5.4200001,92.150002,-0.28,20.01,0.0,-2.9999999E-2,9.0,3276.7,88
5,46035,2048,2254784,2048,292358619155889,22561,108,13000,42.281311,-83.745163,227.8,5.4000001,92.474998,-0.27000001,20.01,0.0,0.14,9.0,3276.7,94
5,46035,2048,2254784,2048,292358619255899,22561,109,13100,42.281311,-83.745163,227.8,5.4200001,92.137497,-0.20999999,20.01,0.0,-0.44999999,9.0,3276.7,63
5,46035,2048,2254784,2048,292358619355913,22561,110,13200,42.281311,-83.745148,227.8,5.4200001,91.949997,-0.14,20.01,0.0,-1.01,9.0,3276.7,46
5,46035,2048,2254784,2048,292358619455916,22561,111,13300,42.281311,-83.74514,227.8,5.46,91.512497,-5.9999999E-2,20.01,0.0,-1.95,9.0,3276.7,39
5,46035,2048,2254784,2048,292358619555744,22561,112,13400,42.281311,-83.745132,227.8,5.5799999,91.0625,0.15000001,20.01,0.0,-2.9100001,4.0,3276.7,36
5,46035,2048,2254784,2048,292358619655668,22561,113,13500,42.281311,-83.745132,227.89999,5.6599998,90.837502,0.33000001,20.01,0.0,-3.26,4.0,-725.0,35
5,46035,2048,2254784,2048,292358619755664,22561,114,13600,42.281311,-83.745117,227.89999,5.6799998,90.237503,0.38999999,20.01,0.0,-3.97,4.0,-420.29999,35
5,46035,2048,2254784,2048,292358619855658,22561,115,13700,42.281311,-83.745117,227.89999,5.7199998,90.449997,0.41999999,20.01,0.0,-3.1400001,4.0,-291.79999,42
5,46035,2048,2254784,2048,292358619955661,22561,116,13800,42.281311,-83.74511,227.89999,5.8000002,91.5,0.47999999,20.01,0.0,-3.9999999E-2,4.0,-240.89999,44
5,46035,2048,2254784,2048,292358620055636,22561,117,13900,42.281311,-83.745102,227.89999,5.8400002,91.387497,0.47999999,20.01,0.0,1.25,4.0,-224.3,30
5,46035,2048,2254784,2048,292358620155671,22561,118,14000,42.2813,-83.745087,227.89999,5.96,92.262497,0.58999997,20.01,0.0,3.3699999,4.0,-237.39999,20
5,46035,2048,2254784,2048,292358620255661,22561,119,14100,42.2813,-83.745087,227.89999,5.9400001,92.112503,0.50999999,20.01,0.0,3.46,4.0,-284.20001,20
5,46035,2048,2254784,2048,292358620355662,22561,120,14200,42.2813,-83.745079,227.89999,6.04,92.25,0.55000001,20.01,0.0,3.0899999,4.0,-394.20001,28
5,46035,2048,2254784,2048,292358620455663,22561,121,14300,42.2813,-83.745071,227.89999,6.0799999,92.787498,0.54000002,20.01,0.0,3.3499999,4.0,-750.40002,34
5,46035,2048,2254784,2048,292358620555667,22561,122,14400,42.2813,-83.745064,228.0,6.1399999,92.912498,0.55000001,20.01,0.0,3.0799999,4.0,3276.7,44
5,46035,2048,2254784,2048,292358620655664,22561,123,14500,42.2813,-83.745064,228.0,6.1999998,92.3125,0.55000001,20.01,0.0,1.17,4.0,877.40002,50
5,46035,2048,2254784,2048,292358620755663,22561,124,14600,42.2813,-83.745049,228.0,6.2600002,91.912498,0.56,20.01,0.0,-0.76999998,4.0,511.20001,32
5,46035,2048,2254784,2048,292358620855684,22561,125,14700,42.2813,-83.745041,228.0,6.2600002,92.050003,0.5,20.01,0.0,-1.3099999,4.0,413.89999,27
5,46035,2048,2254784,2048,292358620955678,22561,126,14800,42.2813,-83.745033,228.0,6.3000002,92.662498,0.46000001,20.01,0.0,-0.13,4.0,372.0,34
5,46035,2048,2254784,2048,292358621055637,22561,127,14900,42.2813,-83.745033,228.0,6.3200002,93.199997,0.40000001,20.01,0.0,1.5,4.0,338.29999,66
5,46035,2048,2254784,2048,292358621155667,22561,0,15000,42.2813,-83.745018,228.10001,6.3400002,92.900002,0.34999999,20.01,0.0,1.46,4.0,311.79999,66
5,46035,2048,2254784,2048,292358621255662,22561,1,15100,42.2813,-83.74501,228.10001,6.3400002,93.349998,0.27000001,20.01,0.0,2.01,4.0,286.79999,43
5,46035,2048,2254784,2048,292358621355656,22561,2,15200,42.2813,-83.745003,228.10001,6.3200002,93.400002,0.17,20.01,0.0,2.0,4.0,264.39999,42
5,46035,2048,2254784,2048,292358621455664,22561,3,15300,42.2813,-83.745003,228.10001,6.2800002,92.6875,5.9999999E-2,20.01,0.0,0.2,4.0,255.89999,94
5,46035,2048,2254784,2048,292358621555678,22561,4,15400,42.2813,-83.744987,228.10001,6.2199998,93.275002,-0.07,20.01,0.0,0.43000001,4.0,255.39999,72
5,46035,2048,2254784,2048,292358621655679,22561,5,15500,42.2813,-83.74498,228.10001,6.2399998,93.512497,-9.0000004E-2,20.01,0.0,0.92000002,4.0,258.0,80
5,46035,2048,2254784,2048,292358621755681,22561,6,15600,42.2813,-83.744972,228.2,6.1799998,93.175003,-0.18000001,20.01,0.0,0.31999999,4.0,267.29999,64
5,46035,2048,2254784,2048,292358621855672,22561,7,15700,42.2813,-83.744957,228.2,6.1799998,92.800003,-0.18000001,20.01,0.0,-0.76999998,4.0,291.5,44
5,46035,2048,2254784,2048,292358621955654,22561,8,15800,42.2813,-83.744957,228.2,6.1399999,93.375,-0.2,20.01,0.0,-2.9999999E-2,4.0,326.79999,48
5,46035,2048,2254784,2048,292358622055670,22561,9,15900,42.2813,-83.744949,228.2,6.0999999,93.050003,-0.25999999,20.01,0.0,-0.28,4.0,380.20001,56
5,46035,2048,2254784,2048,292358622155658,22561,10,16000,42.2813,-83.744942,228.2,6.02,92.099998,-0.34,20.01,0.0,-2.21,4.0,506.0,40
5,46035,2048,2254784,2048,292358622255678,22561,11,16100,42.2813,-83.744926,228.2,6.02,92.787498,-0.31999999,20.01,0.0,-1.4,4.0,802.79999,44
5,46035,2048,2254784,2048,292358622355680,22561,12,16200,42.2813,-83.744926,228.3,5.9200001,93.199997,-0.43000001,20.01,0.0,0.07,4.0,3276.7,98
5,46035,2048,2254784,2048,292358622455719,22561,13,16300,42.2813,-83.744919,228.3,5.7600002,92.949997,-0.64999998,20.01,0.0,0.31,4.0,3276.7,49
5,46035,2048,2254784,2048,292358622555677,22561,14,16400,42.2813,-83.744919,228.3,5.7199998,92.487503,-0.69999999,20.01,0.0,-0.54000002,4.0,3276.7,65
5,46035,2048,2254784,2048,292358622655677,22561,15,16500,42.2813,-83.744911,228.3,5.5599999,91.862503,-0.82999998,20.01,0.0,-2.0599999,4.0,-1138.0,58
5,46035,2048,2254784,2048,292358622755644,22561,16,16600,42.2813,-83.744904,228.3,5.4400001,92.112503,-0.93000001,20.01,0.0,-1.9299999,4.0,-658.70001,46
5,46035,2048,2254784,2048,292358622855680,22561,17,16700,42.2813,-83.744904,228.39999,5.3800001,91.637497,-0.94,20.01,0.0,-2.4200001,4.0,-444.89999,43
5,46035,2048,2254784,2048,292358622955679,22561,18,16800,42.2813,-83.744888,228.39999,5.2199998,91.349998,-1.03,20.01,0.0,-2.74,4.0,-325.89999,42
5,46035,2048,2254784,2048,292358623055682,22561,19,16900,42.2813,-83.744881,228.39999,5.1399999,92.237503,-1.04,20.01,0.0,-0.63999999,4.0,-270.60001,92
5,46035,2048,2254784,2048,292358623155685,22561,20,17000,42.2813,-83.744873,228.39999,5.04,91.775002,-1.02,20.01,0.0,-0.38,4.0,-243.10001,47
5,46035,2048,2254784,2048,292358623255680,22561,21,17100,42.2813,-83.744873,228.39999,4.9200001,91.512497,-1.05,20.01,0.0,-0.68000001,4.0,-227.7,46
5,46035,2048,2254784,2048,292358623355679,22561,22,17200,42.2813,-83.744873,228.5,4.7600002,91.137497,-1.12,20.01,0.0,-1.4400001,4.0,-215.39999,73
5,46035,2048,2254784,2048,292358623455725,22561,23,17300,42.2813,-83.744858,228.5,4.7199998,91.650002,-1.04,20.01,0.0,-0.50999999,4.0,-210.5,62
5,46035,2048,2254784,2048,292358623555677,22561,24,17400,42.2813,-83.74485,228.5,4.5999999,92.400002,-1.04,20.01,0.0,1.48,4.0,-223.2,38
5,46035,2048,2254784,2048,292358623655685,22561,25,17500,42.2813,-83.74485,228.5,4.48,91.762497,-1.0700001,20.01,0.0,0.94999999,4.0,-251.0,39
5,46035,2048,2254784,2048,292358623755653,22561,26,17600,42.2813,-83.744843,228.5,4.3800001,92.224998,-1.0700001,20.01,0.0,1.4,4.0,-307.0,40
5,46035,2048,2254784,2048,292358623855646,22561,27,17700,42.2813,-83.744827,228.5,4.2399998,92.0,-1.11,20.01,0.0,0.89999998,4.0,-410.39999,48
5,46035,2048,2254784,2048,292358623955658,22561,28,17800,42.2813,-83.744827,228.5,4.2199998,92.287498,-0.98000002,20.01,-0.02,1.04,4.0,-645.70001,67
5,46035,2048,2254784,2048,292358624055684,22561,29,17900,42.2813,-83.744827,228.5,4.04,92.099998,-1.0700001,20.01,-0.02,0.56,4.0,-1423.4,94
5,46035,2048,2254784,2048,292358624155681,22561,30,18000,42.2813,-83.74482,228.60001,3.98,92.050003,-1.04,20.01,0.0,0.11,4.0,3276.7,58
5,46035,2048,2254784,2048,292358624255677,22561,31,18100,42.2813,-83.74482,228.60001,3.8800001,92.625,-1.02,20.01,0.0,0.98000002,4.0,1349.2,83
5,46035,2048,2254784,2048,292358624355674,22561,32,18200,42.2813,-83.744812,228.60001,3.76,92.112503,-1.03,20.01,0.0,0.22,4.0,750.70001,69
5,46035,2048,2254784,2048,292358624455679,22561,33,18300,42.2813,-83.744812,228.60001,3.78,91.849998,-0.86000001,20.01,0.0,-0.69,4.0,606.79999,46
5,46035,2048,2254784,2048,292358624555661,22561,34,18400,42.2813,-83.744797,228.60001,3.6800001,92.537498,-0.79000002,20.01,0.0,0.30000001,4.0,528.09998,66
5,46035,2048,2254784,2048,292358624655656,22561,35,18500,42.2813,-83.744797,228.60001,3.5999999,92.199997,-0.79000002,20.01,0.0,9.0000004E-2,4.0,489.79999,82
5,46035,2048,2254784,2048,292358624755654,22561,36,18600,42.2813,-83.744797,228.60001,3.5599999,92.237503,-0.72000003,20.01,0.0,2.9999999E-2,4.0,477.20001,90
5,46035,2048,2254784,2048,292358624855638,22561,37,18700,42.2813,-83.744789,228.60001,3.54,92.137497,-0.62,20.01,0.0,-0.19,4.0,491.70001,87
5,46035,2048,2254784,2048,292358624955657,22561,38,18800,42.2813,-83.744789,228.60001,3.46,91.925003,-0.62,20.01,0.0,-0.68000001,4.0,556.90002,70
5,46035,2048,2254784,2048,292358625055671,22561,39,18900,42.2813,-83.744781,228.60001,3.4400001,92.599998,-0.55000001,20.01,0.0,0.50999999,4.0,612.09998,86
5,46035,2048,2254784,2048,292358625155678,22561,40,19000,42.2813,-83.744781,228.60001,3.3199999,92.787498,-0.62,20.01,0.0,1.37,4.0,589.29999,46
5,46035,2048,2254784,2048,292358625255670,22561,41,19100,42.2813,-83.744766,228.60001,3.28,91.962502,-0.60000002,20.01,0.0,-5.9999999E-2,4.0,596.0,76
5,46035,2048,2254784,2048,292358625355663,22561,42,19200,42.2813,-83.744766,228.60001,3.24,91.824997,-0.57999998,20.01,0.0,-1.03,4.0,707.79999,59
5,46035,2048,2254784,2048,292358625455662,22561,43,19300,42.2813,-83.744766,228.60001,3.1800001,92.0,-0.56999999,20.01,0.0,-0.98000002,4.0,1034.2,48
5,46035,2048,2254784,2048,292358625555661,22561,44,19400,42.2813,-83.744766,228.60001,3.0599999,91.800003,-0.66000003,20.01,0.0,-1.15,4.0,3276.7,46
5,46035,2048,2254784,2048,292358625655635,22561,45,19500,42.2813,-83.744759,228.60001,3.0999999,91.9375,-0.54000002,20.01,0.0,-0.74000001,4.0,3276.7,59
5,46035,2048,2254784,2048,292358625755666,22561,46,19600,42.2813,-83.744759,228.7,2.9200001,92.25,-0.67000002,20.01,0.0,0.23,4.0,-1317.8,82
5,46035,2048,2254784,2048,292358625855666,22561,47,19700,42.2813,-83.744751,228.7,2.9400001,92.150002,-0.60000002,20.01,0.0,0.44999999,4.0,-990.90002,49
5,46035,2048,2254784,2048,292358625955668,22561,48,19800,42.2813,-83.744751,228.7,2.8599999,92.362503,-0.60000002,20.01,0.0,0.89999998,4.0,-1014.8,44
5,46035,2048,2254784,2048,292358626055660,22561,49,19900,42.2813,-83.744743,228.7,2.8,92.612503,-0.58999997,20.01,0.0,1.4299999,4.0,3276.7,41
5,46035,2048,2254784,2048,292358626155669,22561,50,20000,42.2813,-83.744743,228.7,2.6800001,91.849998,-0.68000001,20.01,0.0,-7.9999998E-2,4.0,3276.7,74
5,46035,2048,2254784,2048,292358626255661,22561,51,20100,42.2813,-83.744743,228.7,2.6400001,91.9375,-0.66000003,20.01,0.0,-0.63999999,4.0,3276.7,64
5,46035,2048,2254784,2048,292358626355666,22561,52,20200,42.2813,-83.744743,228.7,2.54,92.699997,-0.70999998,20.01,0.0,0.70999998,4.0,3276.7,94
5,46035,2048,2254784,2048,292358626455667,22561,53,20300,42.2813,-83.744743,228.7,2.52,92.4375,-0.63999999,20.01,0.0,0.70999998,4.0,3276.7,90
5,46035,2048,2254784,2048,292358626555638,22561,54,20400,42.2813,-83.744728,228.7,2.46,92.662498,-0.62,20.01,0.0,1.02,4.0,1083.4,72
5,46035,2048,2254784,2048,292358626655634,22561,55,20500,42.2813,-83.744728,228.7,2.3199999,91.900002,-0.73000002,20.01,0.0,-0.51999998,4.0,846.0,71
5,46035,2048,2254784,2048,292358626755660,22561,56,20600,42.2813,-83.744728,228.7,2.1800001,91.849998,-0.88,20.01,0.0,-1.28,4.0,1004.8,44
5,46035,2048,2254784,2048,292358626855661,22561,57,20700,42.2813,-83.74472,228.7,2.0999999,92.5,-0.92000002,20.01,0.0,-0.14,4.0,1296.8,53
5,46035,2048,2254784,2048,292358626955668,22561,58,20800,42.2813,-83.74472,228.7,1.86,92.849998,-1.14,20.01,0.0,1.13,4.0,1077.2,70
5,46035,2048,2254784,2048,292358627055658,22561,59,20900,42.2813,-83.74472,228.7,1.76,92.449997,-1.2,20.01,0.0,0.75999999,4.0,781.29999,53
5,46035,2048,2254784,2048,292358627155661,22561,60,21000,42.2813,-83.744713,228.7,1.74,92.25,-1.08,20.01,0.0,5.0000001E-2,4.0,650.40002,81
5,46035,2048,2254784,2048,292358627255657,22561,61,21100,42.2813,-83.744713,228.7,1.7,92.162498,-0.93000001,20.01,0.0,-0.47,4.0,656.20001,80
5,46035,2048,2254784,2048,292358627355667,22561,62,21200,42.2813,-83.744713,228.7,1.72,93.050003,-0.69999999,20.01,0.0,1.0700001,4.0,546.29999,74
5,46035,2048,2254784,2048,292358627455661,22561,63,21300,42.2813,-83.744713,228.7,1.66,92.712502,-0.61000001,20.01,0.0,0.98000002,4.0,422.60001,60
5,46035,2048,2254784,2048,292358627555660,22561,64,21400,42.2813,-83.744713,228.7,1.66,92.8125,-0.47999999,20.01,0.0,0.94,4.0,327.60001,62
5,46035,2048,2254784,2048,292358627655630,22561,65,21500,42.2813,-83.744713,228.7,1.6,92.449997,-0.44,20.01,0.0,9.9999998E-3,4.0,285.60001,92
5,46035,2048,2254784,2048,292358627755656,22561,66,21600,42.281288,-83.744713,228.7,1.6,94.887497,-0.36000001,20.01,0.0,4.3099999,4.0,187.0,36
5,46035,2048,2254784,2048,292358627855660,22561,67,21700,42.2813,-83.744713,228.7,1.52,93.375,-0.40000001,20.01,0.0,2.6500001,4.0,130.3,38
5,46035,2048,2254784,2048,292358627955660,22561,68,21800,42.2813,-83.744698,228.7,1.5,92.074997,-0.37,20.01,0.0,-1.22,4.0,113.7,47
5,46035,2048,2254784,2048,292358628055665,22561,69,21900,42.2813,-83.744698,228.7,1.52,92.550003,-0.28,20.01,0.0,-1.96,4.0,116.0,32
5,46035,2048,2254784,2048,292358628155663,22561,70,22000,42.2813,-83.744698,228.7,1.42,92.474998,-0.36000001,20.01,0.0,-2.0999999,4.0,137.10001,30
5,46035,2048,2254784,2048,292358628255667,22561,71,22100,42.281288,-83.744698,228.7,1.38,93.912498,-0.38999999,20.01,0.0,1.04,4.0,155.3,52
5,46035,2048,2254784,2048,292358628355662,22561,72,22200,42.2813,-83.74469,228.7,1.3,92.775002,-0.44999999,20.01,0.0,0.17,4.0,178.2,98
5,46035,2048,2254784,2048,292358628455660,22561,73,22300,42.2813,-83.74469,228.7,1.24,92.5,-0.51999998,20.01,0.0,-0.81,4.0,229.0,86
5,46035,2048,2254784,2048,292358628555632,22561,74,22400,42.2813,-83.74469,228.7,1.1799999,92.462502,-0.56,20.01,0.0,-1.22,4.0,384.60001,66
5,46035,2048,2254784,2048,292358628655832,22561,75,22500,42.2813,-83.74469,228.7,1.08,92.462502,-0.63,20.01,0.0,1.99,4.0,456.0,42
5,46035,2048,2254784,2048,292358628755663,22561,76,22600,42.281288,-83.74469,228.7,1.0599999,92.462502,-0.57999998,20.01,0.0,1.3200001,4.0,395.79999,40
5,46035,2048,2254784,2048,292358628855660,22561,77,22700,42.281288,-83.74469,228.7,1.0,92.462502,-0.58999997,20.01,0.0,-1.29,4.0,519.0,90
5,46035,2048,2254784,2048,292358628955654,22561,78,22800,42.281288,-83.744682,228.7,0.92000002,92.462502,-0.61000001,20.01,0.0,-0.75,4.0,3276.7,0
5,46035,2048,2254784,2048,292358629055653,22561,79,22900,42.281288,-83.744682,228.7,0.88,92.462502,-0.60000002,20.01,0.0,0.38999999,4.0,3276.7,0
5,46035,2048,2254784,2048,292358629155653,22561,80,23000,42.281288,-83.744682,228.7,0.77999997,92.462502,-0.64999998,20.01,0.0,-1.58,4.0,3276.7,0
5,46035,2048,2254784,2048,292358629255657,22561,81,23100,42.281288,-83.744682,228.7,0.69999999,92.462502,-0.69,20.01,0.0,-3.8699999,4.0,3276.7,0
5,46035,2048,2254784,2048,292358629355647,22561,82,23200,42.281288,-83.744682,228.7,0.72000003,92.462502,-0.57999998,20.01,0.0,-4.3899999,4.0,3276.7,0
5,46035,2048,2254784,2048,292358629455633,22561,83,23300,42.281288,-83.744682,228.7,0.60000002,92.462502,-0.61000001,20.01,0.0,-1.54,4.0,3276.7,0
5,46035,2048,2254784,2048,292358629555653,22561,84,23400,42.281288,-83.744682,228.7,0.60000002,92.462502,-0.52999997,20.01,0.0,4.02,4.0,3276.7,0
5,46035,2048,2254784,2048,292358629655650,22561,85,23500,42.281288,-83.744682,228.7,0.47999999,92.462502,-0.58999997,20.01,0.0,4.3000002,4.0,3276.7,0
5,46035,2048,2254784,2048,292358629755654,22561,86,23600,42.281288,-83.744682,228.7,0.5,92.462502,-0.50999999,20.01,0.0,4.7199998,4.0,3276.7,0
5,46035,2048,2254784,2048,292358629855658,22561,87,23700,42.281288,-83.744682,228.7,0.40000001,92.462502,-0.54000002,20.01,0.0,-5.8299999,4.0,3276.7,0
5,46035,2048,2254784,2048,292358629955659,22561,88,23800,42.281288,-83.744667,228.7,0.36000001,92.462502,-0.52999997,20.01,0.0,-0.50999999,4.0,3276.7,0
5,46035,2048,2254784,2048,292358630055655,22561,89,23900,42.281288,-83.744667,228.7,0.31999999,92.462502,-0.5,20.01,0.0,13.1,4.0,3276.7,0
5,46035,2048,2254784,2048,292358630155652,22561,90,24000,42.281288,-83.744667,228.7,0.25999999,92.462502,-0.50999999,20.01,0.0,10.56,4.0,3276.7,0
5,46035,2048,2254784,2048,292358630255656,22561,91,24100,42.281288,-83.744667,228.7,0.2,92.462502,-0.52999997,20.01,0.0,-6.7199998,4.0,3276.7,0
5,46035,2048,2254784,2048,292358630355626,22561,92,24200,42.281288,-83.744667,228.7,0.18000001,92.462502,-0.5,20.01,0.0,-9.6199999,4.0,3276.7,0
5,46035,2048,2254784,2048,292358630455651,22561,93,24300,42.281288,-83.744667,228.7,0.12,92.462502,-0.5,20.01,0.0,-13.08,4.0,3276.7,0
5,46035,2048,2254784,2048,292358630555653,22561,94,24400,42.281288,-83.744667,228.7,0.1,92.462502,-0.46000001,20.01,0.0,-25.27,4.0,3276.7,0
5,46035,2048,2254784,2048,292358630655657,22561,95,24500,42.281288,-83.744667,228.7,3.9999999E-2,92.462502,-0.46000001,20.01,0.0,-186.86,4.0,3276.7,0
5,46035,2048,2254784,2048,292358630755654,22561,96,24600,42.281288,-83.744667,228.7,0.02,92.462502,-0.41999999,20.01,0.0,-230.27,4.0,3276.7,0
5,46035,2048,2254784,2048,292358630855649,22561,97,24700,42.281288,-83.744667,228.7,3.9999999E-2,92.462502,-0.31,20.01,0.0,-206.8,4.0,3276.7,0
5,46035,2048,2254784,2048,292358630955649,22561,98,24800,42.281288,-83.744667,228.7,0.02,92.462502,-0.25999999,20.01,0.0,-154.84,4.0,3276.7,0
5,46035,2048,2254784,2048,292358631055659,22561,99,24900,42.281288,-83.744667,228.7,0.02,92.462502,-0.19,20.01,0.0,-98.940002,4.0,3276.7,0
5,46035,2048,2254784,2048,292358631155646,22561,100,25000,42.281288,-83.744667,228.7,0.02,92.462502,-0.15000001,20.01,0.0,-52.0,4.0,3276.7,0
5,46035,2048,2254784,2048,292358631255649,22561,101,25100,42.281288,-83.744667,228.7,0.0,92.462502,-0.12,20.01,0.0,-18.65,4.0,3276.7,0
5,46035,2048,2254784,2048,292358631355625,22561,102,25200,42.281288,-83.744667,228.60001,0.0,92.462502,-9.0000004E-2,20.01,-0.02,1.46,4.0,3276.7,0
5,46035,2048,2254784,2048,292358631455656,22561,103,25300,42.281288,-83.744667,228.60001,0.0,92.462502,-5.9999999E-2,20.01,-0.02,11.12,4.0,3276.7,0
5,46035,2048,2254784,2048,292358631555652,22561,104,25400,42.281288,-83.744667,228.60001,0.02,92.462502,-9.9999998E-3,20.01,-0.02,13.73,4.0,3276.7,0
5,46035,2048,2254784,2048,292358631655660,22561,105,25500,42.281288,-83.744667,228.60001,0.02,92.462502,0.0,20.01,0.0,12.33,4.0,3276.7,0
5,46035,2048,2254784,2048,292358631755649,22561,106,25600,42.281288,-83.744667,228.60001,0.0,92.462502,-0.02,20.01,0.0,9.2399998,4.0,3276.7,0
5,46035,2048,2254784,2048,292358631855654,22561,107,25700,42.281288,-83.744667,228.60001,0.0,92.462502,-3.9999999E-2,20.01,0.0,5.9000001,4.0,3276.7,0
5,46035,2048,2254784,2048,292358631955663,22561,108,25800,42.281288,-83.744667,228.60001,0.02,92.462502,0.0,20.01,0.0,3.0999999,4.0,3276.7,0
5,46035,2048,2254784,2048,292358632055652,22561,109,25900,42.281288,-83.744667,228.60001,0.0,92.462502,-0.02,20.01,0.0,1.11,4.0,3276.7,0
5,46035,2048,2254784,2048,292358632155648,22561,110,26000,42.281288,-83.744667,228.60001,0.0,92.462502,-0.02,20.01,0.0,-7.9999998E-2,4.0,3276.7,0
5,46035,2048,2254784,2048,292358632255654,22561,111,26100,42.281288,-83.744667,228.60001,0.0,92.462502,-9.9999998E-3,20.01,0.0,-0.66000003,4.0,3276.7,0
5,46035,2048,2254784,2048,292358632355620,22561,112,26200,42.281288,-83.744667,228.60001,0.0,92.462502,-9.9999998E-3,20.01,0.0,-0.81,4.0,3276.7,0
5,46035,2048,2254784,2048,292358632455628,22561,113,26300,42.281288,-83.744667,228.60001,0.0,92.462502,0.0,20.01,0.0,-0.73000002,4.0,3276.7,0
5,46035,2048,2254784,2048,292358632555649,22561,114,26400,42.281288,-83.744667,228.60001,0.0,92.462502,-9.9999998E-3,20.01,0.0,-0.55000001,4.0,3276.7,0
5,46035,2048,2254784,2048,292358632655671,22561,115,26500,42.281288,-83.744667,228.60001,0.0,92.462502,0.0,20.01,0.0,-0.34999999,4.0,3276.7,0
5,46035,2048,2254784,2048,292358632755666,22561,116,26600,42.281288,-83.744667,228.60001,0.02,92.462502,0.02,20.01,0.0,-0.18000001,4.0,3276.7,0
5,46035,2048,2254784,2048,292358632855668,22561,117,26700,42.281288,-83.744667,228.60001,0.0,92.462502,9.9999998E-3,20.01,0.0,-5.9999999E-2,4.0,3276.7,0
5,46035,2048,2254784,2048,292358632955669,22561,118,26800,42.281288,-83.744667,228.60001,0.0,92.462502,0.0,20.01,0.0,0.0,4.0,3276.7,0
5,46035,2048,2254784,2048,292358633055652,22561,119,26900,42.281288,-83.744667,228.60001,0.0,92.462502,0.0,20.01,0.0,2.9999999E-2,4.0,3276.7,0
5,46035,2048,2254784,2048,292358633155648,22561,120,27000,42.281288,-83.744667,228.60001,0.0,92.462502,0.0,20.01,0.0,3.9999999E-2,4.0,3276.7,0
5,46035,2048,2254784,2048,292358633255651,22561,121,27100,42.281288,-83.744667,228.60001,0.02,92.462502,0.0,20.01,0.0,3.9999999E-2,4.0,3276.7,0
5,46035,2048,2254784,2048,292358633355665,22561,122,27200,42.281288,-83.744667,228.60001,0.0,92.462502,0.0,20.01,0.0,2.9999999E-2,4.0,3276.7,0
5,46035,2048,2254784,2048,292358633455645,22561,123,27300,42.281288,-83.744667,228.60001,0.02,92.462502,9.9999998E-3,20.01,0.0,0.02,4.0,3276.7,0
5,46035,2048,2254784,2048,292358633555668,22561,124,27400,42.281288,-83.744667,228.60001,0.0,92.462502,0.0,20.01,0.0,9.9999998E-3,4.0,3276.7,0
5,46035,2048,2254784,2048,292358633655673,22561,125,27500,42.281288,-83.744667,228.60001,0.0,92.462502,0.0,20.01,0.0,0.0,4.0,3276.7,0
5,46035,2048,2254784,2048,292358633755665,22561,126,27600,42.281288,-83.744667,228.60001,0.0,92.462502,-9.9999998E-3,20.01,0.0,0.0,4.0,3276.7,0
5,46035,2048,2254784,2048,292358633855671,22561,127,27700,42.281288,-83.744667,228.60001,0.0,92.462502,-9.9999998E-3,20.01,0.0,0.0,4.0,3276.7,0
5,46035,2048,2254784,2048,292358633955670,22561,0,27800,42.281288,-83.744667,228.60001,0.0,92.462502,0.0,20.01,0.0,0.0,4.0,3276.7,0
5,46035,2048,2254784,2048,292358634055670,22561,1,27900,42.281288,-83.744667,228.60001,0.02,92.462502,9.9999998E-3,20.01,0.0,0.0,4.0,3276.7,0
5,46035,2048,2254784,2048,292358634155670,22561,2,28000,42.281288,-83.744667,228.60001,0.0,92.462502,0.0,20.01,0.0,0.0,4.0,3276.7,0
5,46035,2048,2254784,2048,292358634255659,22561,3,28100,42.281288,-83.744667,228.60001,0.0,92.462502,0.0,20.01,0.0,0.0,4.0,3276.7,0
5,46035,2048,2254784,2048,292358634355643,22561,4,28200,42.281288,-83.744667,228.60001,0.0,92.462502,-9.9999998E-3,20.01,0.0,0.0,4.0,3276.7,0
5,46035,2048,2254784,2048,292358634455666,22561,5,28300,42.281288,-83.744667,228.60001,0.0,92.462502,0.0,20.01,0.0,0.0,4.0,3276.7,0
5,46035,2048,2254784,2048,292358634555665,22561,6,28400,42.281288,-83.744667,228.60001,0.0,92.462502,-9.9999998E-3,20.01,0.0,0.0,4.0,3276.7,0
5,46035,2048,2254784,2048,292358634655664,22561,7,28500,42.281288,-83.744667,228.60001,0.0,92.462502,0.0,20.01,0.0,0.0,4.0,3276.7,0
5,46035,2048,2254784,2048,292358634755671,22561,8,28600,42.281288,-83.744667,228.60001,0.0,92.462502,0.0,20.01,0.0,0.0,4.0,3276.7,0
5,46035,2048,2254784,2048,292358634855664,22561,9,28700,42.281288,-83.744667,228.60001,0.02,92.462502,9.9999998E-3,20.01,0.0,0.0,4.0,3276.7,0
5,46035,2048,2254784,2048,292358634955655,22561,10,28800,42.281288,-83.744667,228.60001,0.0,92.462502,0.0,20.01,0.0,0.0,4.0,3276.7,0
5,46035,2048,2254784,2048,292358635055670,22561,11,28900,42.281288,-83.744667,228.60001,0.02,92.462502,9.9999998E-3,20.01,0.0,0.0,4.0,3276.7,0
5,46035,2048,2254784,2048,292358635155666,22561,12,29000,42.281288,-83.744667,228.60001,3.9999999E-2,92.462502,3.9999999E-2,20.01,0.0,0.0,4.0,3276.7,0
5,46035,2048,2254784,2048,292358635255662,22561,13,29100,42.281288,-83.744667,228.60001,0.0,92.462502,0.0,20.01,0.0,0.0,4.0,3276.7,0
5,46035,2048,2254784,2048,292358635355644,22561,14,29200,42.281288,-83.744667,228.60001,0.02,92.462502,0.0,20.01,0.0,0.0,4.0,3276.7,0
5,46035,2048,2254784,2048,292358635455669,22561,15,29300,42.281288,-83.744667,228.60001,0.02,92.462502,0.0,20.01,0.0,0.0,4.0,3276.7,0
5,46035,2048,2254784,2048,292358635555664,22561,16,29400,42.281288,-83.744667,228.60001,0.0,92.462502,0.0,20.01,0.0,0.0,4.0,3276.7,0
5,46035,2048,2254784,2048,292358635655654,22561,17,29500,42.281288,-83.744667,228.60001,0.0,92.462502,-0.02,20.01,0.0,0.0,4.0,3276.7,0
5,46035,2048,2254784,2048,292358635755656,22561,18,29600,42.281288,-83.744667,228.5,0.02,92.462502,0.0,20.01,-0.02,0.0,4.0,3276.7,0
5,46035,2048,2254784,2048,292358635855654,22561,19,29700,42.281288,-83.744667,228.5,0.0,92.462502,0.0,20.01,-0.02,0.0,4.0,3276.7,0
5,46035,2048,2254784,2048,292358635955651,22561,20,29800,42.281288,-83.744667,228.5,0.0,92.462502,-9.9999998E-3,20.01,-0.02,0.0,4.0,3276.7,0
5,46035,2048,2254784,2048,292358636055733,22561,21,29900,42.281288,-83.744667,228.5,3.9999999E-2,92.462502,3.9999999E-2,20.01,0.0,0.0,4.0,3276.7,0
5,46035,2048,2254784,2048,292358636155707,22561,22,30000,42.281288,-83.744667,228.5,7.9999998E-2,92.462502,0.12,20.01,0.0,0.0,4.0,3276.7,0
5,46035,2048,2254784,2048,292358636255661,22561,23,30100,42.281288,-83.744667,228.5,7.9999998E-2,92.462502,0.13,20.01,0.0,0.0,4.0,3276.7,0
5,46035,2048,2254784,2048,292358636355631,22561,24,30200,42.281288,-83.744667,228.5,0.1,92.462502,0.14,20.01,0.0,164.22,4.0,3276.7,0
5,46035,2048,2254784,2048,292358636455660,22561,25,30300,42.281288,-83.744667,228.5,0.14,92.462502,0.19,20.01,0.0,214.39,4.0,3276.7,0
5,46035,2048,2254784,2048,292358636555655,22561,26,30400,42.281288,-83.744667,228.5,0.16,92.462502,0.19,20.01,0.0,195.14,4.0,3276.7,0
5,46035,2048,2254784,2048,292358636655660,22561,27,30500,42.281288,-83.744667,228.5,0.18000001,92.462502,0.2,20.01,0.0,152.84,4.0,3276.7,0
5,46035,2048,2254784,2048,292358636755651,22561,28,30600,42.281288,-83.744667,228.5,0.2,92.462502,0.22,20.01,0.0,112.27,4.0,3276.7,0
5,46035,2048,2254784,2048,292358636855653,22561,29,30700,42.281288,-83.744667,228.5,0.23999999,92.462502,0.23,20.01,0.0,75.940002,4.0,3276.7,0
5,46035,2048,2254784,2048,292358636955652,22561,30,30800,42.281288,-83.744667,228.5,0.23999999,92.462502,0.22,20.01,0.0,50.509998,4.0,3276.7,0
5,46035,2048,2254784,2048,292358637055652,22561,31,30900,42.281288,-83.744667,228.5,0.31999999,92.462502,0.28,20.01,0.0,20.559999,4.0,3276.7,0
5,46035,2048,2254784,2048,292358637155661,22561,32,31000,42.281288,-83.744667,228.5,0.41999999,92.462502,0.43000001,20.01,0.0,-7.7600002,4.0,3276.7,0
5,46035,2048,2254784,2048,292358637255650,22561,33,31100,42.281288,-83.744667,228.5,0.5,92.462502,0.51999998,20.01,0.0,-24.27,4.0,3276.7,0
5,46035,2048,2254784,2048,292358637355635,22561,34,31200,42.281288,-83.744667,228.5,0.66000003,92.462502,0.73000002,20.01,0.0,-29.120001,4.0,3276.7,0
5,46035,2048,2254784,2048,292358637455658,22561,35,31300,42.281288,-83.744667,228.5,0.86000001,92.462502,0.99000001,20.01,0.0,-17.110001,4.0,3276.7,0
5,46035,2048,2254784,2048,292358637555656,22561,36,31400,42.281288,-83.744667,228.5,0.98000002,92.462502,1.11,20.01,0.0,-10.25,4.0,3276.7,0
5,46035,2048,2254784,2048,292358637655658,22561,37,31500,42.281288,-83.744667,228.5,1.1799999,92.462502,1.3,20.01,0.0,-5.25,4.0,-790.90002,28
5,46035,2048,2254784,2048,292358637755730,22561,38,31600,42.2813,-83.744667,228.5,1.46,91.262497,1.6,20.01,0.0,1.42,4.0,-313.10001,81
5,46035,2048,2254784,2048,292358637855667,22561,39,31700,42.2813,-83.744667,228.5,1.62,91.137497,1.71,20.01,0.0,4.1900001,4.0,-324.10001,30
5,46035,2048,2254784,2048,292358637955667,22561,40,31800,42.281288,-83.744659,228.5,1.84,91.512497,1.8200001,20.01,0.0,5.48,4.0,-898.79999,19
5,46035,2048,2254784,2048,292358638055661,22561,41,31900,42.281288,-83.744659,228.5,2.02,91.287498,1.87,20.01,0.0,4.5999999,4.0,538.0,22
5,46035,2048,2254784,2048,292358638155659,22561,42,32000,42.281288,-83.744659,228.5,2.24,92.050003,1.9299999,20.01,0.0,4.77,4.0,183.7,29
5,46035,2048,2254784,2048,292358638255656,22561,43,32100,42.281288,-83.744652,228.5,2.4000001,91.712502,1.9,20.01,0.0,3.26,4.0,111.9,44
5,46035,2048,2254784,2048,292358638355636,22561,44,32200,42.281288,-83.744652,228.5,2.5599999,91.362503,1.85,20.01,0.0,1.1900001,4.0,85.400002,43
5,46035,2048,2254784,2048,292358638455671,22561,45,32300,42.281288,-83.744637,228.5,2.72,91.712502,1.78,20.01,0.0,0.62,4.0,73.199997,33
5,46035,2048,2254784,2048,292358638555661,22561,46,32400,42.281288,-83.744637,228.5,2.8399999,91.349998,1.6799999,20.01,0.0,-0.47999999,4.0,68.300003,28
5,46035,2048,2254784,2048,292358638655667,22561,47,32500,42.281288,-83.744637,228.5,3.02,92.025002,1.66,20.01,0.0,0.37,4.0,66.699997,32
5,46035,2048,2254784,2048,292358638755659,22561,48,32600,42.281288,-83.744637,228.5,3.1800001,92.262497,1.63,20.01,0.0,1.1799999,4.0,66.699997,44
5,46035,2048,2254784,2048,292358638855665,22561,49,32700,42.281288,-83.744629,228.5,3.3,92.525002,1.55,20.01,0.0,1.86,4.0,67.5,94
5,46035,2048,2254784,2048,292358638955657,22561,50,32800,42.281288,-83.744629,228.5,3.4200001,93.25,1.48,20.01,0.0,3.26,4.0,67.900002,40
5,46035,2048,2254784,2048,292358639055663,22561,51,32900,42.281288,-83.744621,228.5,3.5599999,92.199997,1.4299999,20.01,0.0,1.26,4.0,69.599998,50
5,46035,2048,2254784,2048,292358639155665,22561,52,33000,42.281288,-83.744621,228.60001,3.6800001,92.337502,1.39,20.01,0.0,0.28,4.0,73.300003,78
5,46035,2048,2254784,2048,292358639255665,22561,53,33100,42.281288,-83.744614,228.60001,3.8199999,93.050003,1.35,20.01,0.0,1.15,4.0,78.300003,80
5,46035,2048,2254784,2048,292358639355638,22561,54,33200,42.281288,-83.744614,228.60001,3.8599999,92.599998,1.21,20.01,0.0,0.44999999,4.0,85.5,58
5,46035,2048,2254784,2048,292358639455671,22561,55,33300,42.281288,-83.744614,228.60001,3.98,92.525002,1.16,20.01,0.0,-0.11,4.0,95.900002,46
5,46035,2048,2254784,2048,292358639555665,22561,56,33400,42.281288,-83.744598,228.60001,4.0799999,92.9375,1.11,20.01,0.0,0.41999999,4.0,109.8,54
5,46035,2048,2254784,2048,292358639655658,22561,57,33500,42.281288,-83.744598,228.60001,4.1199999,92.962502,0.98000002,20.01,0.0,0.67000002,4.0,127.5,84
5,46035,2048,2254784,2048,292358639755659,22561,58,33600,42.281288,-83.744591,228.60001,4.2399998,92.5625,0.95999998,20.01,0.0,-0.12,4.0,152.8,70
5,46035,2048,2254784,2048,292358639855661,22561,59,33700,42.281288,-83.744583,228.60001,4.3400002,92.587502,0.97000003,20.01,0.0,-0.44,4.0,191.7,56
5,46035,2048,2254784,2048,292358639955656,22561,60,33800,42.281288,-83.744583,228.60001,4.4000001,92.987503,0.91000003,20.01,0.0,0.25,4.0,249.3,86
5,46035,2048,2254784,2048,292358640055671,22561,61,33900,42.281288,-83.744583,228.60001,4.46,92.699997,0.83999997,20.01,0.0,-9.9999998E-3,4.0,344.0,92
5,46035,2048,2254784,2048,292358640155657,22561,62,34000,42.281288,-83.744568,228.60001,4.6199999,92.900002,0.93000001,20.01,0.0,0.25999999,4.0,510.29999,92
5,46035,2048,2254784,2048,292358640255636,22561,63,34100,42.281288,-83.74456,228.60001,4.6399999,93.050003,0.85000002,20.01,0.0,0.63999999,4.0,820.79999,70
5,46035,2048,2254784,2048,292358640355663,22561,64,34200,42.281288,-83.74456,228.7,4.6999998,93.675003,0.80000001,20.01,0.0,1.91,4.0,1208.5,43
5,46035,2048,2254784,2048,292358640455664,22561,65,34300,42.281288,-83.744553,228.7,4.8200002,92.699997,0.82999998,20.01,0.0,0.25,4.0,3276.7,70
5,46035,2048,2254784,2048,292358640555666,22561,66,34400,42.281288,-83.744537,228.7,4.8600001,93.112503,0.76999998,20.01,0.0,0.2,4.0,3276.7,94
5,46035,2048,2254784,2048,292358640655665,22561,67,34500,42.281288,-83.744537,228.7,5.02,92.949997,0.87,20.01,0.0,-0.16,4.0,3276.7,64
5,46035,2048,2254784,2048,292358640755668,22561,68,34600,42.281288,-83.74453,228.7,5.04,92.824997,0.80000001,20.01,0.0,-0.56999999,4.0,3276.7,48
5,46035,2048,2254784,2048,292358640855666,22561,69,34700,42.281288,-83.74453,228.7,5.1599998,92.837502,0.83999997,20.01,0.0,-0.63999999,4.0,3276.7,47
5,46035,2048,2254784,2048,292358640955662,22561,70,34800,42.281288,-83.744522,228.7,5.1599998,92.974998,0.74000001,20.01,0.0,-0.28,4.0,-1459.1,62
5,46035,2048,2254784,2048,292358641055653,22561,71,34900,42.281288,-83.744507,228.7,5.3000002,93.237503,0.79000002,20.01,0.0,0.46000001,4.0,-1259.9,89
5,46035,2048,2254784,2048,292358641155646,22561,72,35000,42.281288,-83.744507,228.8,5.3600001,93.199997,0.79000002,20.01,0.0,0.66000003,4.0,-1283.3,59
5,46035,2048,2254784,2048,292358641255673,22561,73,35100,42.281288,-83.744499,228.8,5.4400001,93.262497,0.79000002,20.01,0.0,0.75999999,4.0,3276.7,50
5,46035,2048,2254784,2048,292358641355662,22561,74,35200,42.281288,-83.744492,228.8,5.5,92.525002,0.74000001,20.01,0.0,-0.76999998,4.0,3276.7,86
5,46035,2048,2254784,2048,292358641455665,22561,75,35300,42.281288,-83.744476,228.8,5.5599999,92.762497,0.70999998,20.01,0.0,-0.91000003,4.0,-1494.7,52
5,46035,2048,2254784,2048,292358641555669,22561,76,35400,42.281288,-83.744476,228.8,5.6199999,92.724998,0.67000002,20.01,0.0,-0.88,4.0,-1282.8,49
5,46035,2048,2254784,2048,292358641655662,22561,77,35500,42.281288,-83.744476,228.8,5.6799998,92.912498,0.66000003,20.01,0.0,-0.31999999,4.0,-1142.0,74
5,46035,2048,2254784,2048,292358641755661,22561,78,35600,42.281288,-83.744469,228.89999,5.7800002,92.599998,0.69,20.01,0.0,-0.58999997,4.0,-1016.3,83
5,46035,2048,2254784,2048,292358641855666,22561,79,35700,42.281288,-83.744461,228.89999,5.8200002,93.099998,0.66000003,20.01,0.0,0.34,4.0,-999.20001,72
5,46035,2048,2254784,2048,292358641955661,22561,80,35800,42.281288,-83.744453,228.89999,5.9000001,92.837502,0.67000002,20.01,0.0,0.23,4.0,-1046.5,60
5,46035,2048,2254784,2048,292358642055661,22561,81,35900,42.281281,-83.744453,228.89999,5.96,93.449997,0.67000002,20.01,0.0,1.3200001,4.0,-1328.0,44
5,46035,2048,2254784,2048,292358642155643,22561,82,36000,42.281281,-83.744438,228.89999,6.0,93.387497,0.62,20.01,0.0,1.48,4.0,3276.7,42
5,46035,2048,2254784,2048,292358642255668,22561,83,36100,42.281281,-83.744431,228.89999,6.04,93.287498,0.58999997,20.01,0.0,1.08,4.0,3276.7,47
5,46035,2048,2254784,2048,292358642355662,22561,84,36200,42.281281,-83.744423,229.0,6.1199999,92.849998,0.58999997,20.01,0.0,-0.16,4.0,3276.7,88
5,46035,2048,2254784,2048,292358642455666,22561,85,36300,42.281281,-83.744423,229.0,6.1399999,93.175003,0.52999997,20.01,0.0,-0.12,4.0,3276.7,54
5,46035,2048,2254784,2048,292358642555670,22561,86,36400,42.281281,-83.744408,229.0,6.1399999,92.849998,0.44,20.01,0.0,-0.69999999,4.0,3276.7,44
5,46035,2048,2254784,2048,292358642655661,22561,87,36500,42.281281,-83.7444,229.0,6.1399999,92.987503,0.33000001,20.01,0.0,-0.60000002,4.0,3276.7,46
5,46035,2048,2254784,2048,292358642755664,22561,88,36600,42.281281,-83.744392,229.0,6.1799998,92.199997,0.30000001,20.01,0.0,-1.95,4.0,3276.7,39
5,46035,2048,2254784,2048,292358642855661,22561,89,36700,42.281281,-83.744377,229.10001,6.1599998,92.425003,0.20999999,20.01,0.0,-1.8099999,4.0,3276.7,40
5,46035,2048,2254784,2048,292358642955676,22561,90,36800,42.281281,-83.744377,229.10001,6.1599998,92.550003,0.16,20.01,0.0,-1.15,4.0,3276.7,50
5,46035,2048,2254784,2048,292358643055645,22561,91,36900,42.281281,-83.74437,229.10001,6.1999998,92.650002,0.16,20.01,0.0,-0.40000001,4.0,-1315.6,87
5,46035,2048,2254784,2048,292358643155668,22561,92,37000,42.281281,-83.744362,229.10001,6.1199999,93.150002,2.9999999E-2,20.01,0.0,1.01,4.0,-1097.1,40
5,46035,2048,2254784,2048,292358643255670,22561,93,37100,42.281281,-83.744347,229.10001,6.1199999,92.849998,-9.9999998E-3,20.01,0.0,0.93000001,4.0,-1099.3,38
5,46035,2048,2254784,2048,292358643355660,22561,94,37200,42.281281,-83.744347,229.2,6.1199999,92.6875,-3.9999999E-2,20.01,0.0,0.40000001,4.0,-1193.9,43
5,46035,2048,2254784,2048,292358643455670,22561,95,37300,42.281281,-83.744339,229.2,6.1599998,93.349998,0.0,20.01,0.0,1.36,4.0,3276.7,42
5,46035,2048,2254784,2048,292358643555658,22561,96,37400,42.281281,-83.744331,229.2,6.1799998,93.462502,5.9999999E-2,20.01,0.0,1.79,4.0,3276.7,42
5,46035,2048,2254784,2048,292358643655685,22561,97,37500,42.281281,-83.744324,229.2,6.1399999,93.462502,0.0,20.01,0.0,1.65,4.0,3276.7,46
5,46035,2048,2254784,2048,292358643755680,22561,98,37600,42.281281,-83.744324,229.2,6.1799998,93.300003,2.9999999E-2,20.01,0.0,0.94,4.0,1478.6,84
5,46035,2048,2254784,2048,292358643855680,22561,99,37700,42.281281,-83.744308,229.2,6.1399999,93.287498,9.9999998E-3,20.01,0.0,0.37,4.0,947.29999,65
5,46035,2048,2254784,2048,292358643955682,22561,100,37800,42.281281,-83.744301,229.2,6.1999998,93.787498,5.9999999E-2,20.01,-0.02,0.99000001,4.0,704.59998,70
5,46035,2048,2254784,2048,292358644055644,22561,101,37900,42.281281,-83.744293,229.2,6.1799998,93.337502,5.9999999E-2,20.01,-0.02,0.22,4.0,594.0,50
5,46035,2048,2254784,2048,292358644155662,22561,102,38000,42.281281,-83.744293,229.2,6.1999998,93.612503,9.0000004E-2,20.01,-0.02,0.34999999,4.0,534.5,54
5,46035,2048,2254784,2048,292358644255666,22561,103,38100,42.281281,-83.744293,229.3,6.1399999,93.037498,-9.9999998E-3,20.01,0.0,-0.77999997,4.0,532.0,44
5,46035,2048,2254784,2048,292358644355683,22561,104,38200,42.281281,-83.744278,229.3,6.2199998,92.25,0.07,20.01,0.0,-2.73,4.0,641.59998,34
5,46035,2048,2254784,2048,292358644455685,22561,105,38300,42.281281,-83.74427,229.3,6.2399998,92.862503,0.1,20.01,0.0,-1.95,4.0,943.70001,36
5,46035,2048,2254784,2048,292358644555681,22561,106,38400,42.281281,-83.744263,229.3,6.2600002,92.224998,0.13,20.01,0.0,-2.4400001,4.0,3276.7,38
5,46035,2048,2254784,2048,292358644655678,22561,107,38500,42.281281,-83.744263,229.3,6.2199998,92.487503,7.9999998E-2,20.01,0.0,-1.6900001,4.0,3276.7,49
5,46035,2048,2254784,2048,292358644755677,22561,108,38600,42.281281,-83.744247,229.39999,6.3000002,92.037498,0.17,20.01,0.0,-1.87,4.0,-945.70001,79
5,46035,2048,2254784,2048,292358644855681,22561,109,38700,42.281281,-83.74424,229.39999,6.2600002,92.324997,0.1,20.01,0.0,-1.03,4.0,-585.20001,67
5,46035,2048,2254784,2048,292358644955681,22561,110,38800,42.281281,-83.744232,229.39999,6.2399998,91.9375,5.0000001E-2,20.01,0.0,-1.17,4.0,-438.0,52
5,46035,2048,2254784,2048,292358645055638,22561,111,38900,42.281281,-83.744217,229.39999,6.3200002,91.862503,0.11,20.01,0.0,-1.15,4.0,-360.5,54
5,46035,2048,2254784,2048,292358645155676,22561,112,39000,42.281281,-83.744217,229.39999,6.3200002,92.262497,0.14,20.01,0.0,-0.13,4.0,-324.29999,44
5,46035,2048,2254784,2048,292358645255682,22561,113,39100,42.281281,-83.744209,229.5,6.4000001,92.9375,0.25999999,20.01,0.0,1.7,4.0,-326.10001,35
5,46035,2048,2254784,2048,292358645355681,22561,114,39200,42.281281,-83.744186,229.5,6.5,91.849998,0.38999999,20.01,0.0,0.14,4.0,-340.89999,41
5,46035,2048,2254784,2048,292358645455689,22561,115,39300,42.281281,-83.744186,229.5,6.5599999,92.5,0.47999999,20.01,0.0,0.63999999,4.0,-374.89999,46
5,46035,2048,2254784,2048,292358645555677,22561,116,39400,42.281281,-83.744179,229.5,6.7199998,91.6875,0.66000003,20.01,0.0,-0.83999997,4.0,-410.10001,84
5,46035,2048,2254784,2048,292358645655685,22561,117,39500,42.281281,-83.744171,229.5,6.8000002,92.25,0.77999997,20.01,0.0,-0.28999999,4.0,-455.10001,67
5,46035,2048,2254784,2048,292358645755679,22561,118,39600,42.281281,-83.744164,229.60001,6.96,92.474998,0.93000001,20.01,0.0,0.44999999,4.0,-529.29999,94
5,46035,2048,2254784,2048,292358645855681,22561,119,39700,42.281281,-83.744164,229.60001,7.0799999,92.550003,1.01,20.01,0.0,0.87,4.0,-665.09998,74
5,46035,2048,2254784,2048,292358645955662,22561,120,39800,42.281281,-83.744148,229.60001,7.1799998,91.6875,1.05,20.01,0.0,-0.75999999,4.0,-828.40002,72
5,46035,2048,2254784,2048,292358646055660,22561,121,39900,42.281281,-83.744141,229.60001,7.3400002,91.599998,1.16,20.01,0.0,-1.58,4.0,-945.70001,44
5,46035,2048,2254784,2048,292358646155687,22561,122,40000,42.281281,-83.744133,229.7,7.46,92.587502,1.2,20.01,0.0,0.23,4.0,-1133.3,79
5,46035,2048,2254784,2048,292358646255683,22561,123,40100,42.281281,-83.744118,229.7,7.6199999,92.25,1.26,20.01,0.0,0.44,4.0,-1476.6,78
5,46035,2048,2254784,2048,292358646355675,22561,124,40200,42.281281,-83.74411,229.7,7.7600002,92.087502,1.3099999,20.01,0.0,0.12,4.0,3276.7,74
5,46035,2048,2254784,2048,292358646455679,22561,125,40300,42.281281,-83.744102,229.7,7.9000001,92.400002,1.33,20.01,0.0,0.56999999,4.0,3276.7,60
5,46035,2048,2254784,2048,292358646555678,22561,126,40400,42.281281,-83.744087,229.8,8.0200005,92.8125,1.35,20.01,0.0,1.47,4.0,3276.7,45
5,46035,2048,2254784,2048,292358646655673,22561,127,40500,42.281281,-83.74408,229.7,8.1800003,93.162498,1.37,20.01,0.0,2.3199999,4.0,3276.7,38
5,46035,2048,2254784,2048,292358646755666,22561,0,40600,42.281269,-83.744072,229.8,8.1999998,93.3125,1.21,20.01,0.0,2.5699999,4.0,1073.5,38
5,46035,2048,2254784,2048,292358646855666,22561,1,40700,42.281269,-83.744057,229.8,8.3800001,92.675003,1.24,20.01,0.0,0.94999999,4.0,732.70001,66
5,46035,2048,2254784,2048,292358646955659,22561,2,40800,42.281269,-83.744049,229.8,8.4799995,92.5,1.21,20.01,0.0,-0.36000001,4.0,610.29999,46
5,46035,2048,2254784,2048,292358647055660,22561,3,40900,42.281269,-83.744041,229.8,8.5200005,92.150002,1.0700001,20.01,0.0,-1.63,4.0,593.09998,34
5,46035,2048,2254784,2048,292358647155677,22561,4,41000,42.281269,-83.744034,229.89999,8.6400003,92.300003,1.04,20.01,0.0,-1.64,4.0,644.40002,34
5,46035,2048,2254784,2048,292358647255677,22561,5,41100,42.281269,-83.744019,229.89999,8.7600002,92.324997,1.0599999,20.01,0.0,-1.29,4.0,767.59998,37
5,46035,2048,2254784,2048,292358647355669,22561,6,41200,42.281269,-83.744011,230.0,8.8199997,92.375,1.0,20.01,0.0,-0.75999999,4.0,993.59998,48
5,46035,2048,2254784,2048,292358647455665,22561,7,41300,42.281269,-83.744003,230.0,8.8999996,91.862503,0.94999999,20.01,0.0,-1.35,4.0,3276.7,60
5,46035,2048,2254784,2048,292358647555669,22561,8,41400,42.281269,-83.743988,230.0,8.9799995,91.125,0.88999999,20.01,0.0,-2.8199999,4.0,3276.7,44
5,46035,2048,2254784,2048,292358647655673,22561,9,41500,42.281269,-83.743973,230.10001,8.96,91.800003,0.70999998,20.01,0.0,-1.67,4.0,3276.7,62
5,46035,2048,2254784,2048,292358647755665,22561,10,41600,42.281269,-83.743973,230.10001,9.0,91.800003,0.60000002,20.01,0.0,-0.79000002,4.0,-1206.8,76
5,46035,2048,2254784,2048,292358647855665,22561,11,41700,42.281269,-83.743958,230.10001,8.9399996,91.474998,0.37,20.01,0.0,-0.82999998,4.0,-820.29999,52
5,46035,2048,2254784,2048,292358647955629,22561,12,41800,42.281269,-83.743942,230.2,8.96,91.599998,0.25999999,20.01,0.0,-0.43000001,4.0,-658.5,46
5,46035,2048,2254784,2048,292358648055668,22561,13,41900,42.281269,-83.743927,230.2,8.9399996,91.599998,0.15000001,20.01,0.0,-0.17,4.0,-582.29999,45
5,46035,2048,2254784,2048,292358648155670,22561,14,42000,42.281269,-83.743919,230.2,8.8599997,91.925003,-0.02,20.01,0.0,0.63,4.0,-563.59998,41
5,46035,2048,2254784,2048,292358648255663,22561,15,42100,42.281269,-83.743912,230.3,8.8400002,91.849998,-0.12,20.01,0.0,0.75,4.0,-585.59998,42
5,46035,2048,2254784,2048,292358648355669,22561,16,42200,42.281269,-83.743896,230.3,8.9200001,91.0,-9.9999998E-3,20.01,0.0,-0.99000001,4.0,-601.5,98
5,46035,2048,2254784,2048,292358648455657,22561,17,42300,42.281269,-83.743889,230.3,8.7200003,90.949997,-0.25,20.01,0.0,-1.74,4.0,-592.20001,46
5,46035,2048,2254784,2048,292358648555672,22561,18,42400,42.281269,-83.743881,230.3,8.8400002,90.800003,-0.15000001,20.01,0.0,-2.0599999,4.0,-558.09998,39
5,46035,2048,2254784,2048,292358648655665,22561,19,42500,42.281269,-83.743874,230.3,8.8400002,91.175003,-0.07,20.01,-0.02,-1.09,4.0,-529.90002,47
5,46035,2048,2254784,2048,292358648755664,22561,20,42600,42.281269,-83.743858,230.3,8.7399998,90.699997,-0.19,20.01,-0.02,-1.3200001,4.0,-502.70001,60
5,46035,2048,2254784,2048,292358648855666,22561,21,42700,42.281269,-83.743851,230.3,8.7600002,91.0,-0.18000001,20.01,-0.02,-0.61000001,4.0,-489.20001,92
5,46035,2048,2254784,2048,292358648955639,22561,22,42800,42.281269,-83.743843,230.3,8.7399998,91.050003,-0.18000001,20.01,-0.02,-3.9999999E-2,4.0,-494.79999,50
5,46035,2048,2254784,2048,292358649055638,22561,23,42900,42.281269,-83.743828,230.3,8.6999998,90.762497,-0.2,20.01,-0.02,-0.28999999,4.0,-511.89999,49
5,46035,2048,2254784,2048,292358649155662,22561,24,43000,42.281269,-83.743813,230.39999,8.7200003,90.887497,-0.14,20.01,0.0,-0.13,4.0,-543.0,50
5,46035,2048,2254784,2048,292358649255667,22561,25,43100,42.281269,-83.743797,230.3,8.7399998,90.275002,-0.07,20.01,0.0,-1.21,4.0,-564.29999,96
5,46035,2048,2254784,2048,292358649355665,22561,26,43200,42.281269,-83.743797,230.39999,8.7399998,90.925003,-0.02,20.01,0.0,-0.23999999,4.0,-598.0,91
5,46035,2048,2254784,2048,292358649455662,22561,27,43300,42.281269,-83.743782,230.39999,8.6599998,90.8125,-0.12,20.01,0.0,5.9999999E-2,4.0,-653.5,74
5,46035,2048,2254784,2048,292358649555670,22561,28,43400,42.281269,-83.743767,230.39999,8.6800003,90.974998,-0.12,20.01,0.0,0.51999998,4.0,-752.90002,54
5,46035,2048,2254784,2048,292358649655660,22561,29,43500,42.281269,-83.743767,230.39999,8.6800003,91.0,-0.1,20.01,0.0,0.69999999,4.0,-932.59998,49
5,46035,2048,2254784,2048,292358649755663,22561,30,43600,42.281269,-83.743752,230.39999,8.7200003,91.25,-2.9999999E-2,20.01,0.0,1.14,4.0,-1329.5,46
5,46035,2048,2254784,2048,292358649855636,22561,31,43700,42.281269,-83.743736,230.39999,8.6599998,91.400002,-0.07,20.01,0.0,1.4299999,4.0,3276.7,46
5,46035,2048,2254784,2048,292358649955659,22561,32,43800,42.281269,-83.743729,230.39999,8.7200003,90.800003,0.0,20.01,0.0,0.1,4.0,3276.7,94
5,46035,2048,2254784,2048,292358650055660,22561,33,43900,42.281269,-83.743721,230.39999,8.6599998,91.349998,-0.07,20.01,0.0,0.49000001,4.0,3276.7,88
5,46035,2048,2254784,2048,292358650155661,22561,34,44000,42.281269,-83.743713,230.5,8.6800003,91.487503,-5.9999999E-2,20.01,0.0,0.87,4.0,3276.7,97
5,46035,2048,2254784,2048,292358650255665,22561,35,44100,42.281269,-83.743698,230.5,8.6400003,91.324997,-0.1,20.01,0.0,0.56999999,4.0,1268.0,90
5,46035,2048,2254784,2048,292358650355663,22561,36,44200,42.281269,-83.74369,230.5,8.6400003,91.1875,-0.1,20.01,0.0,3.9999999E-2,4.0,1035.5,68
5,46035,2048,2254784,2048,292358650455660,22561,37,44300,42.281269,-83.743683,230.5,8.6400003,91.550003,-0.07,20.01,0.0,0.47,4.0,903.40002,80
5,46035,2048,2254784,2048,292358650555661,22561,38,44400,42.281269,-83.743668,230.5,8.6199999,91.6875,-0.07,20.01,0.0,0.86000001,4.0,805.09998,94
5,46035,2048,2254784,2048,292358650655662,22561,39,44500,42.281269,-83.74366,230.5,8.6199999,91.487503,-5.9999999E-2,20.01,0.0,0.5,4.0,745.0,98
5,46035,2048,2254784,2048,292358650755641,22561,40,44600,42.281269,-83.743637,230.5,8.6199999,91.675003,-5.0000001E-2,20.01,0.0,0.58999997,4.0,705.40002,96
5,46035,2048,2254784,2048,292358650855669,22561,41,44700,42.281269,-83.743637,230.5,8.6000004,92.0,-5.9999999E-2,20.01,0.0,1.16,4.0,662.0,73
5,46035,2048,2254784,2048,292358650955667,22561,42,44800,42.281269,-83.743629,230.5,8.5600004,91.637497,-0.12,20.01,0.0,0.5,4.0,637.79999,93
5,46035,2048,2254784,2048,292358651055640,22561,43,44900,42.281269,-83.743607,230.5,8.6000004,91.949997,-7.9999998E-2,20.01,0.0,0.69,4.0,621.59998,96
5,46035,2048,2254784,2048,292358651155665,22561,44,45000,42.281269,-83.743607,230.5,8.6000004,91.862503,-5.0000001E-2,20.01,0.0,0.47999999,4.0,617.29999,92
5,46035,2048,2254784,2048,292358651255661,22561,45,45100,42.281269,-83.743599,230.5,8.5600004,92.324997,-9.0000004E-2,20.01,0.0,1.1799999,4.0,603.90002,84
5,46035,2048,2254784,2048,292358651355638,22561,46,45200,42.281269,-83.743584,230.60001,8.6000004,92.037498,-2.9999999E-2,20.01,0.0,0.72000003,4.0,595.79999,93
5,46035,2048,2254784,2048,292358651455635,22561,47,45300,42.281269,-83.743584,230.60001,8.5600004,92.300003,-3.9999999E-2,20.01,0.0,0.88999999,4.0,587.79999,92
5,46035,2048,2254784,2048,292358651555634,22561,48,45400,42.281269,-83.743561,230.60001,8.6000004,92.162498,0.0,20.01,0.0,0.51999998,4.0,589.09998,92
5,46035,2048,2254784,2048,292358651655632,22561,49,45500,42.281269,-83.743553,230.60001,8.5200005,92.699997,-0.11,20.01,0.0,1.29,4.0,579.0,84
5,46035,2048,2254784,2048,292358651755634,22561,50,45600,42.281269,-83.743553,230.60001,8.4799995,92.625,-0.18000001,20.01,0.0,1.26,4.0,561.5,76
5,46035,2048,2254784,2048,292358651855636,22561,51,45700,42.281269,-83.74353,230.60001,8.4200001,92.650002,-0.25999999,20.01,0.0,1.04,4.0,544.40002,86
5,46035,2048,2254784,2048,292358651955665,22561,52,45800,42.281269,-83.743523,230.60001,8.3000002,92.612503,-0.44999999,20.01,0.0,0.67000002,4.0,535.5,92
