6,14490,3290,1920523,3290,293373323806026,-3030,20,57700,42.281319,-83.743523,229.3,9.3000002,271.66251,-0.16,20.01,0.0,-1.41,5.0,3276.7,44
6,14490,3290,1920523,3290,293373323906089,-3030,21,57800,42.28133,-83.743538,229.3,9.2799997,272.39999,-0.11,20.01,0.0,0.15000001,5.0,3276.7,84
6,14490,3290,1920523,3290,293373324006294,-3030,22,57900,42.28133,-83.743553,229.2,9.2600002,271.95001,-0.12,20.01,0.0,0.02,5.0,3276.7,86
6,14490,3290,1920523,3290,293373324105718,-3030,23,58000,42.28133,-83.743561,229.2,9.3000002,272.0,-3.9999999E-2,20.01,0.0,5.0000001E-2,5.0,3276.7,73
6,14490,3290,1920523,3290,293373324205982,-3030,24,58101,42.28133,-83.743568,229.2,9.3000002,272.0,-3.9999999E-2,20.01,0.0,5.0000001E-2,5.0,3276.7,72
6,14490,3290,1920523,3290,293373324305943,-3030,25,58100,42.28133,-83.743568,229.2,9.2399998,271.77499,-9.0000004E-2,20.01,0.0,-0.37,5.0,3276.7,94
6,14490,3290,1920523,3290,293373324406230,-3030,26,58300,42.28133,-83.743591,229.2,9.2200003,271.60001,-0.13,20.01,0.0,-0.86000001,5.0,3276.7,75
6,14490,3290,1920523,3290,293373324506038,-3030,27,58400,42.28133,-83.743599,229.2,9.1400003,272.125,-0.25,20.01,0.0,9.0000004E-2,5.0,3276.7,98
6,14490,3290,1920523,3290,293373324606194,-3030,28,58500,42.28133,-83.743607,229.10001,9.1599998,271.52499,-0.20999999,20.01,0.0,-0.61000001,5.0,3276.7,87
6,14490,3290,1920523,3290,293373324706109,-3030,29,58600,42.28133,-83.743622,229.2,9.1400003,271.375,-0.19,20.01,0.0,-1.14,5.0,3276.7,62
6,14490,3290,1920523,3290,293373324806230,-3030,30,58700,42.28133,-83.743637,229.2,9.1599998,272.45001,-0.12,20.01,0.0,0.89999998,5.0,3276.7,63
6,14490,3290,1920523,3290,293373324906019,-3030,31,58800,42.28133,-83.743637,229.2,9.1999998,272.13751,-3.9999999E-2,20.01,0.0,1.13,5.0,3276.7,44
6,14490,3290,1920523,3290,293373325006297,-3030,32,58900,42.28133,-83.74366,229.2,9.0799999,272.46249,-0.15000001,20.01,0.0,1.67,5.0,3276.7,40
6,14490,3290,1920523,3290,293373325106034,-3030,33,59000,42.28133,-83.743668,229.2,9.0200005,272.8125,-0.28,20.01,0.0,2.29,5.0,3276.7,38
6,14490,3290,1920523,3290,293373325206001,-3030,34,59100,42.28133,-83.743683,229.2,8.9799995,273.03751,-0.28,20.01,0.0,2.29,5.0,3276.7,40
6,14490,3290,1920523,3290,293373325306085,-3030,35,59100,42.28133,-83.743683,229.10001,9.1000004,273.53751,-0.16,20.01,0.0,3.5599999,5.0,949.20001,37
6,14490,3290,1920523,3290,293373325406054,-3030,36,59300,42.28133,-83.743698,229.10001,9.04,274.39999,-0.19,20.01,0.0,5.1599998,5.0,558.29999,32
6,14490,3290,1920523,3290,293373325506154,-3030,37,59400,42.28133,-83.743713,229.0,8.96,274.47501,-0.27000001,20.01,-0.02,5.1100001,5.0,375.70001,34
6,14490,3290,1920523,3290,293373325606238,-3030,38,59500,42.28133,-83.743721,229.0,9.0,274.51251,-0.22,20.01,-3.9999999E-2,4.1599998,5.0,282.20001,42
6,14490,3290,1920523,3290,293373325706056,-3030,39,59600,42.28133,-83.743736,229.0,9.0,273.96249,-0.16,20.01,-0.02,1.8,5.0,235.39999,48
6,14490,3290,1920523,3290,293373325806245,-3030,40,59700,42.28133,-83.743736,229.0,8.9399996,273.64999,-0.2,20.01,0.0,-0.33000001,5.0,215.39999,30
6,14490,3290,1920523,3290,293373325906080,-3030,41,59800,42.28133,-83.743759,229.10001,8.8800001,274.66251,-0.28999999,20.01,0.0,0.66000003,5.0,206.39999,30
6,14490,3290,1920523,3290,293373326006318,-3030,42,59900,42.28133,-83.743767,229.10001,8.8800001,274.53751,-0.27000001,20.01,0.0,0.76999998,5.0,204.5,35
6,14490,3290,1920523,3290,293373326106299,-3030,43,0,42.28133,-83.743767,229.10001,9.0200005,275.35001,0.0,20.01,0.0,2.27,5.0,203.60001,61
6,14490,3290,1920523,3290,293373326206317,-3030,44,100,42.28133,-83.74379,229.10001,8.9399996,275.20001,-2.9999999E-2,20.01,0.0,2.28,5.0,203.60001,76
6,14490,3290,1920523,3290,293373326306095,-3030,45,200,42.28133,-83.743797,229.10001,8.9399996,275.36249,-0.02,20.01,0.0,2.1500001,5.0,204.60001,55
6,14490,3290,1920523,3290,293373326406148,-3030,46,300,42.281342,-83.743813,229.10001,8.8800001,275.79999,-0.12,20.01,0.0,2.5,5.0,205.39999,48
6,14490,3290,1920523,3290,293373326506211,-3030,47,400,42.281342,-83.74382,229.10001,8.8999996,275.98749,-0.1,20.01,0.0,2.5599999,5.0,205.7,48
6,14490,3290,1920523,3290,293373326606053,-3030,48,500,42.281342,-83.743843,229.0,8.96,275.29999,0.0,20.01,0.0,0.74000001,5.0,211.10001,75
6,14490,3290,1920523,3290,293373326706328,-3030,49,600,42.281342,-83.743843,229.0,8.9399996,275.85001,0.02,20.01,-0.02,0.79000002,5.0,220.89999,48
6,14490,3290,1920523,3290,293373326806080,-3030,50,700,42.281342,-83.743851,229.0,8.8999996,276.45001,-3.9999999E-2,20.01,-0.02,1.83,5.0,231.10001,76
6,14490,3290,1920523,3290,293373326906069,-3030,51,800,42.281342,-83.743874,229.0,8.9200001,276.79999,-2.9999999E-2,20.01,-0.02,2.6500001,5.0,238.2,70
6,14490,3290,1920523,3290,293373327006053,-3030,52,900,42.281342,-83.743874,229.0,9.0600004,276.48749,0.2,20.01,0.0,1.9299999,5.0,245.3,77
6,14490,3290,1920523,3290,293373327106318,-3030,53,1000,42.281342,-83.743889,229.0,9.0200005,276.78751,0.2,20.01,0.0,1.78,5.0,252.5,90
6,14490,3290,1920523,3290,293373327206327,-3030,54,1100,42.281342,-83.743896,228.89999,9.1999998,277.13751,0.41999999,20.01,0.0,2.04,5.0,258.79999,89
6,14490,3290,1920523,3290,293373327306253,-3030,55,1200,42.281349,-83.743912,228.89999,9.1400003,276.75,0.34,20.01,-0.02,1.03,5.0,268.70001,70
6,14490,3290,1920523,3290,293373327406213,-3030,56,1300,42.281349,-83.743919,228.8,9.1400003,276.375,0.27000001,20.01,-3.9999999E-2,-0.40000001,5.0,289.60001,40
6,14490,3290,1920523,3290,293373327506314,-3030,57,1400,42.281349,-83.743927,228.8,9.3199997,277.6875,0.47,20.01,-3.9999999E-2,1.51,6.0,310.79999,59
6,14490,3290,1920523,3290,293373327606289,-3030,58,1500,42.281349,-83.743942,228.8,9.3400002,276.75,0.51999998,20.01,-0.02,0.33000001,6.0,340.20001,50
6,14490,3290,1920523,3290,293373327706284,-3030,59,1600,42.281349,-83.74395,228.7,9.46,276.83749,0.63,20.01,-0.02,-0.13,6.0,383.5,47
6,14490,3290,1920523,3290,293373327806274,-3030,60,1700,42.281349,-83.743973,228.7,9.5,276.38751,0.64999998,20.01,-0.02,-1.22,6.0,459.70001,40
6,14490,3290,1920523,3290,293373327906162,-3030,61,1800,42.281349,-83.74398,228.7,9.6000004,276.77499,0.69999999,20.01,0.0,-0.75,6.0,585.59998,44
6,14490,3290,1920523,3290,293373328006187,-3030,62,1900,42.281349,-83.743988,228.60001,9.6999998,276.79999,0.75999999,20.01,0.0,-0.31999999,6.0,797.0,62
6,14490,3290,1920523,3290,293373328106369,-3030,63,2000,42.281349,-83.744003,228.60001,9.6000004,275.79999,0.51999998,20.01,0.0,-1.99,6.0,1380.0,45
6,14490,3290,1920523,3290,293373328206194,-3030,64,2100,42.281349,-83.744011,228.5,9.8000002,276.36249,0.63999999,20.01,-0.02,-1.34,6.0,3276.7,49
6,14490,3290,1920523,3290,293373328306153,-3030,65,2200,42.281349,-83.744034,228.5,9.8999996,276.25,0.74000001,20.01,0.0,-0.98000002,6.0,3276.7,82
6,14490,3290,1920523,3290,293373328406372,-3030,66,2300,42.281349,-83.744034,228.5,9.9200001,275.53751,0.68000001,20.01,0.0,-2.0,6.0,-1247.8,62
6,14490,3290,1920523,3290,293373328506420,-3030,67,2400,42.281349,-83.744049,228.39999,10.06,275.77499,0.77999997,20.01,0.0,-1.65,6.0,-784.0,74
6,14490,3290,1920523,3290,293373328606241,-3030,68,2500,42.281361,-83.744057,228.39999,10.04,275.75,0.68000001,20.01,0.0,-1.21,6.0,-594.09998,97
6,14490,3290,1920523,3290,293373328706193,-3030,69,2600,42.281361,-83.744072,228.3,10.14,275.97501,0.66000003,20.01,0.0,-0.30000001,6.0,-507.70001,50
6,14490,3290,1920523,3290,293373328806371,-3030,70,2700,42.281361,-83.744087,228.3,10.22,275.625,0.69999999,20.01,0.0,-0.47999999,6.0,-463.10001,48
6,14490,3290,1920523,3290,293373328906156,-3030,71,2800,42.281361,-83.744087,228.2,10.36,275.52499,0.81,20.01,0.0,-0.67000002,6.0,-439.39999,56
6,14490,3290,1920523,3290,293373329006174,-3030,72,2900,42.281361,-83.74411,228.2,10.32,274.96249,0.68000001,20.01,0.0,-1.72,6.0,-418.20001,86
6,14490,3290,1920523,3290,293373329106289,-3030,73,3000,42.281361,-83.744133,228.2,10.34,275.14999,0.56,20.01,0.0,-1.5599999,6.0,-401.39999,67
6,14490,3290,1920523,3290,293373329206197,-3030,74,3100,42.281361,-83.744133,228.10001,10.4,274.45001,0.51999998,20.01,0.0,-2.51,6.0,-380.10001,45
6,14490,3290,1920523,3290,293373329306179,-3030,75,3200,42.281361,-83.744148,228.10001,10.6,274.3125,0.72000003,20.01,0.0,-2.77,6.0,-355.89999,42
6,14490,3290,1920523,3290,293373329406293,-3030,76,3300,42.281361,-83.744164,228.10001,10.58,274.22501,0.66000003,20.01,0.0,-2.53,6.0,-333.39999,46
6,14490,3290,1920523,3290,293373329506161,-3030,77,3400,42.281361,-83.744171,228.10001,10.66,274.39999,0.64999998,20.01,0.0,-1.5700001,6.0,-318.89999,90
6,14490,3290,1920523,3290,293373329606163,-3030,78,3500,42.281361,-83.744186,228.0,10.58,274.16251,0.41999999,20.01,0.0,-1.25,6.0,-311.60001,65
6,14490,3290,1920523,3290,293373329706156,-3030,79,3600,42.281361,-83.744202,228.0,10.62,273.82501,0.31999999,20.01,0.0,-1.51,6.0,-308.39999,60
6,14490,3290,1920523,3290,293373329806142,-3030,80,3700,42.281361,-83.744209,227.89999,10.54,273.54999,0.14,20.01,0.0,-1.87,6.0,-306.20001,80
6,14490,3290,1920523,3290,293373329905562,-3030,81,3800,42.281361,-83.744217,227.89999,10.64,273.79999,0.20999999,20.01,0.0,-1.2,6.0,-308.79999,67
6,14490,3290,1920523,3290,293373330006125,-3030,82,3900,42.281361,-83.74424,227.8,10.6,273.42499,0.13,20.01,-0.02,-1.37,6.0,-314.10001,74
6,14490,3290,1920523,3290,293373330106272,-3030,83,4000,42.281361,-83.744247,227.8,10.62,273.8125,0.11,20.01,0.0,-0.43000001,6.0,-327.29999,49
6,14490,3290,1920523,3290,293373330206163,-3030,84,4100,42.281361,-83.744263,227.7,10.6,273.35001,5.9999999E-2,20.01,-0.02,-0.79000002,6.0,-345.79999,56
6,14490,3290,1920523,3290,293373330306121,-3030,85,4200,42.281361,-83.744278,227.7,10.64,273.72501,9.0000004E-2,20.01,0.0,-7.9999998E-2,6.0,-375.0,48
6,14490,3290,1920523,3290,293373330406175,-3030,86,4300,42.281368,-83.744293,227.7,10.58,273.5,-9.9999998E-3,20.01,0.0,-0.16,6.0,-416.0,50
6,14490,3290,1920523,3290,293373330506182,-3030,87,4400,42.281368,-83.744301,227.60001,10.62,273.61249,0.02,20.01,0.0,5.9999999E-2,6.0,-474.60001,54
6,14490,3290,1920523,3290,293373330606171,-3030,88,4500,42.281368,-83.744324,227.60001,10.6,273.23749,0.0,20.01,0.0,-0.56999999,6.0,-546.40002,90
6,14490,3290,1920523,3290,293373330706177,-3030,89,4600,42.281368,-83.744324,227.5,10.56,273.17499,-0.07,20.01,0.0,-0.88999999,6.0,-626.29999,77
6,14490,3290,1920523,3290,293373330806141,-3030,90,4700,42.281368,-83.744339,227.5,10.6,273.08749,-0.02,20.01,0.0,-1.05,6.0,-706.79999,59
6,14490,3290,1920523,3290,293373330906137,-3030,91,4800,42.281368,-83.744347,227.5,10.58,273.07501,-2.9999999E-2,20.01,0.0,-0.94999999,6.0,-784.5,62
6,14490,3290,1920523,3290,293373331006179,-3030,92,4900,42.281368,-83.74437,227.39999,10.58,272.78751,-2.9999999E-2,20.01,0.0,-1.27,6.0,-839.5,58
6,14490,3290,1920523,3290,293373331106179,-3030,93,5000,42.281368,-83.744377,227.39999,10.64,273.29999,0.07,20.01,0.0,-0.17,6.0,-914.70001,92
6,14490,3290,1920523,3290,293373331206160,-3030,94,5100,42.281368,-83.744392,227.39999,10.6,273.04999,9.9999998E-3,20.01,0.0,-0.1,6.0,-1017.1,66
6,14490,3290,1920523,3290,293373331306183,-3030,95,5200,42.281368,-83.744408,227.3,10.6,272.79999,0.0,20.01,0.0,-0.52999997,6.0,-1121.5,77
6,14490,3290,1920523,3290,293373331406466,-3030,96,5300,42.281368,-83.744423,227.3,10.52,272.92499,-0.12,20.01,0.0,-0.38999999,6.0,-1234.4,81
6,14490,3290,1920523,3290,293373331506141,-3030,97,5400,42.281368,-83.744431,227.2,10.52,272.61249,-0.13,20.01,0.0,-0.83999997,6.0,-1306.5,95
6,14490,3290,1920523,3290,293373331606185,-3030,98,5500,42.281368,-83.744453,227.2,10.44,272.63751,-0.23,20.01,0.0,-0.86000001,6.0,-1327.7,84
6,14490,3290,1920523,3290,293373331706174,-3030,99,5600,42.281368,-83.744453,227.2,10.6,272.38751,0.0,20.01,0.0,-1.1900001,6.0,-1273.4,68
6,14490,3290,1920523,3290,293373331805655,-3030,100,5700,42.281368,-83.744469,227.10001,10.6,272.6875,5.9999999E-2,20.01,0.0,-0.54000002,6.0,-1227.6,92
6,14490,3290,1920523,3290,293373331906118,-3030,101,5800,42.281368,-83.744476,227.10001,10.56,272.08749,3.9999999E-2,20.01,0.0,-1.28,6.0,-1132.7,77
6,14490,3290,1920523,3290,293373332006128,-3030,102,5900,42.281368,-83.744492,227.10001,10.5,272.45001,-5.9999999E-2,20.01,0.0,-0.69,6.0,-1056.3,96
6,14490,3290,1920523,3290,293373332106143,-3030,103,6000,42.281368,-83.744507,227.0,10.44,272.39999,-0.18000001,20.01,0.0,-0.34,6.0,-1015.0,79
6,14490,3290,1920523,3290,293373332206116,-3030,104,6100,42.281368,-83.744522,227.0,10.44,272.01251,-0.2,20.01,0.0,-0.86000001,6.0,-968.90002,92
6,14490,3290,1920523,3290,293373332306098,-3030,105,6200,42.281368,-83.74453,227.0,10.44,272.33749,-0.19,20.01,0.0,-0.33000001,6.0,-949.5,78
6,14490,3290,1920523,3290,293373332406117,-3030,106,6300,42.281368,-83.744537,226.89999,10.4,272.23749,-0.2,20.01,0.0,-0.19,6.0,-956.70001,71
6,14490,3290,1920523,3290,293373332506129,-3030,107,6400,42.28138,-83.74456,226.89999,10.32,272.75,-0.30000001,20.01,0.0,0.92000002,6.0,-1053.3,46
6,14490,3290,1920523,3290,293373332606119,-3030,108,6500,42.28138,-83.744568,226.89999,10.28,272.39999,-0.34,20.01,0.0,0.58999997,6.0,-1241.5,47
6,14490,3290,1920523,3290,293373332706083,-3030,109,6600,42.28138,-83.744583,226.8,10.22,271.98749,-0.38999999,20.01,0.0,-0.47999999,6.0,-1446.9,92
6,14490,3290,1920523,3290,293373332806125,-3030,110,6700,42.28138,-83.744591,226.8,10.12,272.21249,-0.5,20.01,0.0,-0.47,6.0,3276.7,78
6,14490,3290,1920523,3290,293373332906121,-3030,111,6800,42.28138,-83.744614,226.8,10.14,272.20001,-0.46000001,20.01,0.0,-0.41,6.0,3276.7,70
6,14490,3290,1920523,3290,293373333006109,-3030,112,6900,42.28138,-83.744621,226.8,10.08,272.21249,-0.47,20.01,0.0,-0.25999999,6.0,3276.7,78
6,14490,3290,1920523,3290,293373333106122,-3030,113,7000,42.28138,-83.744629,226.7,10.0,271.85001,-0.51999998,20.01,0.0,-0.86000001,6.0,3276.7,62
6,14490,3290,1920523,3290,293373333206059,-3030,114,7100,42.28138,-83.744637,226.7,9.8999996,272.10001,-0.60000002,20.01,0.0,-0.47999999,6.0,3276.7,77
6,14490,3290,1920523,3290,293373333306088,-3030,115,7200,42.28138,-83.744652,226.7,9.8999996,272.02499,-0.51999998,20.01,0.0,-0.34999999,6.0,3276.7,94
6,14490,3290,1920523,3290,293373333406125,-3030,116,7300,42.28138,-83.744667,226.7,9.8199997,271.625,-0.56,20.01,0.0,-1.0,6.0,3276.7,78
6,14490,3290,1920523,3290,293373333506119,-3030,117,7400,42.28138,-83.744682,226.60001,9.7799997,272.17499,-0.52999997,20.01,0.0,-5.0000001E-2,6.0,3276.7,88
6,14490,3290,1920523,3290,293373333606085,-3030,118,7500,42.28138,-83.74469,226.60001,9.7399998,271.92499,-0.50999999,20.01,0.0,-5.9999999E-2,6.0,3276.7,74
6,14490,3290,1920523,3290,293373333706120,-3030,119,7600,42.28138,-83.744713,226.60001,9.6800003,272.03751,-0.50999999,20.01,0.0,0.15000001,6.0,3276.7,64
6,14490,3290,1920523,3290,293373333806085,-3030,120,7700,42.28138,-83.744713,226.60001,9.6400003,271.79999,-0.47999999,20.01,0.0,-0.22,6.0,3276.7,80
6,14490,3290,1920523,3290,293373333906106,-3030,121,7800,42.28138,-83.744728,226.5,9.54,272.04999,-0.56,20.01,0.0,0.11,6.0,3276.7,80
6,14490,3290,1920523,3290,293373334006081,-3030,122,7900,42.28138,-83.744743,226.5,9.5600004,272.14999,-0.46000001,20.01,0.0,0.44999999,6.0,3276.7,70
6,14490,3290,1920523,3290,293373334106065,-3030,123,8000,42.28138,-83.744751,226.5,9.5799999,271.95001,-0.36000001,20.01,0.0,0.16,6.0,3276.7,82
6,14490,3290,1920523,3290,293373334205567,-3030,124,8100,42.28138,-83.744759,226.5,9.46,272.20001,-0.44,20.01,0.0,0.47,6.0,3276.7,79
6,14490,3290,1920523,3290,293373334305560,-3030,125,8200,42.28138,-83.744766,226.39999,9.54,272.14999,-0.27000001,20.01,0.0,0.41,6.0,3276.7,84
6,14490,3290,1920523,3290,293373334405746,-3030,126,8300,42.28138,-83.744781,226.39999,9.5200005,271.97501,-0.19,20.01,0.0,-0.02,6.0,3276.7,93
6,14490,3290,1920523,3290,293373334505568,-3030,127,8400,42.28138,-83.744797,226.39999,9.4799995,271.73749,-0.19,20.01,0.0,-0.69999999,6.0,3276.7,56
6,14490,3290,1920523,3290,293373334605549,-3030,0,8500,42.28138,-83.744797,226.39999,9.5600004,271.72501,-5.9999999E-2,20.01,0.0,-0.92000002,6.0,3276.7,48
6,14490,3290,1920523,3290,293373334706129,-3030,1,8600,42.28138,-83.74482,226.39999,9.5200005,271.97501,-0.07,20.01,0.0,-0.36000001,6.0,3276.7,63
6,14490,3290,1920523,3290,293373334806081,-3030,2,8700,42.28138,-83.744827,226.3,9.46,271.95001,-0.14,20.01,0.0,-5.0000001E-2,6.0,3276.7,94
6,14490,3290,1920523,3290,293373334906090,-3030,3,8800,42.28138,-83.744843,226.3,9.3999996,271.82501,-0.22,20.01,0.0,-0.14,6.0,3276.7,92
6,14490,3290,1920523,3290,293373335006087,-3030,4,8900,42.28138,-83.74485,226.3,9.3999996,271.91251,-0.23999999,20.01,0.0,9.9999998E-3,6.0,3276.7,81
6,14490,3290,1920523,3290,293373335106067,-3030,5,9000,42.28138,-83.744873,226.2,9.3599997,272.77499,-0.23999999,20.01,0.0,1.76,6.0,3276.7,42
6,14490,3290,1920523,3290,293373335206116,-3030,6,9100,42.28138,-83.744873,226.2,9.3800001,272.47501,-0.2,20.01,0.0,1.7,6.0,3276.7,40
6,14490,3290,1920523,3290,293373335305567,-3030,7,9200,42.28138,-83.744888,226.2,9.3599997,272.25,-0.16,20.01,0.0,0.88999999,6.0,3276.7,48
6,14490,3290,1920523,3290,293373335405564,-3030,8,9300,42.28138,-83.744904,226.2,9.3999996,272.67499,-5.9999999E-2,20.01,0.0,1.15,6.0,3276.7,64
6,14490,3290,1920523,3290,293373335505537,-3030,9,9400,42.28138,-83.744911,226.10001,9.3199997,272.26251,-0.15000001,20.01,0.0,0.25,6.0,1342.5,82
6,14490,3290,1920523,3290,293373335605570,-3030,10,9500,42.28138,-83.744919,226.10001,9.3400002,272.82501,-0.14,20.01,0.0,0.85000002,6.0,1093.2,82
6,14490,3290,1920523,3290,293373335706086,-3030,11,9600,42.28138,-83.744926,226.10001,9.2600002,272.57501,-0.20999999,20.01,0.0,0.5,6.0,951.0,72
6,14490,3290,1920523,3290,293373335806088,-3030,12,9700,42.28138,-83.744942,226.10001,9.2399998,272.5625,-0.23999999,20.01,0.0,0.2,6.0,878.59998,61
6,14490,3290,1920523,3290,293373335905531,-3030,13,9800,42.28138,-83.744957,226.0,9.1800003,272.96249,-0.30000001,20.01,0.0,0.80000001,6.0,819.40002,86
6,14490,3290,1920523,3290,293373336005562,-3030,14,9900,42.28138,-83.744957,226.0,9.1800003,272.36249,-0.28999999,20.01,0.0,-0.23,6.0,813.59998,61
6,14490,3290,1920523,3290,293373336105516,-3030,15,10000,42.28138,-83.74498,226.0,9.1199999,272.85001,-0.34,20.01,0.0,0.25,6.0,825.90002,75
6,14490,3290,1920523,3290,293373336206085,-3030,16,10100,42.28138,-83.744987,226.0,8.9399996,272.54999,-0.56,20.01,0.0,-0.13,6.0,873.0,72
6,14490,3290,1920523,3290,293373336306122,-3030,17,10200,42.28138,-83.745003,225.89999,8.8199997,271.9375,-0.74000001,20.01,0.0,-1.51,6.0,1051.4,44
6,14490,3290,1920523,3290,293373336405565,-3030,18,10300,42.28138,-83.74501,225.89999,8.7200003,272.53751,-0.82999998,20.01,0.0,-0.72000003,6.0,1402.8,48
6,14490,3290,1920523,3290,293373336505572,-3030,19,10400,42.28138,-83.745018,225.89999,8.6000004,272.60001,-0.92000002,20.01,0.0,-5.9999999E-2,6.0,3276.7,90
6,14490,3290,1920523,3290,293373336605609,-3030,20,10500,42.28138,-83.745033,225.89999,8.4200001,273.10001,-1.09,20.01,0.0,1.23,6.0,3276.7,46
6,14490,3290,1920523,3290,293373336705603,-3030,21,10600,42.28138,-83.745041,225.8,8.3599997,272.41251,-1.08,20.01,0.0,0.30000001,6.0,3276.7,48
6,14490,3290,1920523,3290,293373336805590,-3030,22,10700,42.28138,-83.745049,225.8,8.1199999,272.85001,-1.29,20.01,0.0,0.63,6.0,3276.7,50
6,14490,3290,1920523,3290,293373336905572,-3030,23,10800,42.281391,-83.745064,225.8,8.0200005,273.4375,-1.3099999,20.01,0.0,1.8099999,6.0,3276.7,42
6,14490,3290,1920523,3290,293373337005602,-3030,24,10900,42.281391,-83.745071,225.8,7.8200002,272.60001,-1.4400001,20.01,0.0,0.41999999,6.0,3276.7,68
6,14490,3290,1920523,3290,293373337105587,-3030,25,11000,42.281391,-83.745079,225.7,7.7600002,272.53751,-1.36,20.01,0.0,-0.47,6.0,3276.7,63
6,14490,3290,1920523,3290,293373337206120,-3030,26,11100,42.281391,-83.745087,225.7,7.5599999,273.29999,-1.4,20.01,0.0,0.64999998,6.0,3276.7,80
6,14490,3290,1920523,3290,293373337305611,-3030,27,11200,42.281391,-83.745087,225.7,7.3400002,272.64999,-1.55,20.01,0.0,-0.18000001,6.0,3276.7,60
6,14490,3290,1920523,3290,293373337405569,-3030,28,11300,42.281391,-83.745102,225.7,7.2399998,272.64999,-1.51,20.01,0.0,-0.56,6.0,3276.7,48
6,14490,3290,1920523,3290,293373337505614,-3030,29,11400,42.281391,-83.745117,225.7,7.0799999,272.16251,-1.51,20.01,0.0,-1.5700001,6.0,3276.7,41
6,14490,3290,1920523,3290,293373337605569,-3030,30,11500,42.281391,-83.745117,225.60001,6.96,272.03751,-1.47,20.01,0.0,-2.02,6.0,3276.7,38
6,14490,3290,1920523,3290,293373337705571,-3030,31,11600,42.281391,-83.745132,225.60001,6.8000002,272.70001,-1.48,20.01,0.0,-0.54000002,6.0,3276.7,60
6,14490,3290,1920523,3290,293373337805611,-3030,32,11700,42.281391,-83.74514,225.60001,6.6999998,272.1875,-1.42,20.01,0.0,-0.70999998,6.0,3276.7,96
6,14490,3290,1920523,3290,293373337905647,-3030,33,11800,42.281391,-83.745148,225.60001,6.48,271.14999,-1.5,20.01,0.0,-2.6900001,6.0,-893.79999,47
6,14490,3290,1920523,3290,293373338005564,-3030,34,11900,42.281391,-83.745163,225.60001,6.2800002,272.60001,-1.59,20.01,0.0,-0.28999999,6.0,-671.09998,86
6,14490,3290,1920523,3290,293373338105541,-3030,35,12000,42.281391,-83.745163,225.60001,6.1999998,272.21249,-1.52,20.01,0.0,0.18000001,6.0,-582.09998,46
6,14490,3290,1920523,3290,293373338206143,-3030,36,12100,42.281391,-83.745171,225.60001,6.0799999,272.53751,-1.46,20.01,0.0,1.01,6.0,-574.29999,38
6,14490,3290,1920523,3290,293373338305833,-3030,37,12200,42.281391,-83.745178,225.5,5.9400001,273.26251,-1.4,20.01,0.0,2.6400001,6.0,-697.79999,32
6,14490,3290,1920523,3290,293373338405601,-3030,38,12300,42.281391,-83.745193,225.5,5.8200002,272.20001,-1.35,20.01,0.0,0.87,6.0,-954.29999,39
6,14490,3290,1920523,3290,293373338505830,-3030,39,12400,42.281391,-83.745193,225.5,5.7399998,272.32501,-1.27,20.01,0.0,5.0000001E-2,6.0,-1433.1,82
6,14490,3290,1920523,3290,293373338605831,-3030,40,12500,42.281391,-83.745193,225.5,5.6399999,272.60001,-1.17,20.01,0.0,0.17,6.0,3276.7,74
6,14490,3290,1920523,3290,293373338705603,-3030,41,12600,42.281391,-83.745201,225.39999,5.6799998,272.0,-0.91000003,20.01,0.0,-0.94999999,6.0,3276.7,42
6,14490,3290,1920523,3290,293373338805578,-3030,42,12700,42.281391,-83.745209,225.39999,5.54,271.73749,-0.89999998,20.01,0.0,-1.85,6.0,3276.7,36
6,14490,3290,1920523,3290,293373338905568,-3030,43,12800,42.281391,-83.745216,225.39999,5.52,272.67499,-0.76999998,20.01,0.0,-0.1,6.0,3276.7,47
6,14490,3290,1920523,3290,293373339005841,-3030,44,12900,42.281391,-83.745216,225.39999,5.4400001,272.63751,-0.75,20.01,0.0,0.69999999,6.0,3276.7,84
6,14490,3290,1920523,3290,293373339105769,-3030,45,13000,42.281391,-83.745232,225.39999,5.4000001,272.58749,-0.66000003,20.01,0.0,0.86000001,6.0,3276.7,48
6,14490,3290,1920523,3290,293373339205999,-3030,46,13101,42.281391,-83.745239,225.39999,5.3400002,272.67499,-0.66000003,20.01,0.0,0.86000001,6.0,3276.7,46
6,14490,3290,1920523,3290,293373339305976,-3030,47,13100,42.281391,-83.745239,225.3,5.3200002,272.46249,-0.67000002,20.01,0.0,0.54000002,6.0,3276.7,53
6,14490,3290,1920523,3290,293373339405833,-3030,48,13300,42.281391,-83.745247,225.3,5.2199998,272.60001,-0.70999998,20.01,0.0,0.55000001,6.0,3276.7,72
6,14490,3290,1920523,3290,293373339505781,-3030,49,13400,42.281391,-83.745247,225.3,5.1999998,272.89999,-0.66000003,20.01,0.0,1.01,6.0,1166.7,70
6,14490,3290,1920523,3290,293373339605820,-3030,50,13500,42.281391,-83.745262,225.3,5.0999999,272.60001,-0.68000001,20.01,0.0,0.47,6.0,897.5,94
6,14490,3290,1920523,3290,293373339705573,-3030,51,13600,42.281391,-83.74527,225.2,5.0999999,272.64999,-0.58999997,20.01,0.0,0.20999999,6.0,765.09998,81
6,14490,3290,1920523,3290,293373339805606,-3030,52,13700,42.281391,-83.745277,225.2,5.02,272.38751,-0.60000002,20.01,0.0,-0.47999999,6.0,735.79999,49
6,14490,3290,1920523,3290,293373339905563,-3030,53,13800,42.281391,-83.745277,225.2,4.98,273.03751,-0.56,20.01,0.0,0.52999997,6.0,705.0,78
6,14490,3290,1920523,3290,293373340005599,-3030,54,13900,42.281391,-83.745293,225.2,4.8800001,271.71249,-0.61000001,20.01,0.0,-1.64,6.0,822.79999,42
6,14490,3290,1920523,3290,293373340105590,-3030,55,14000,42.281391,-83.745293,225.2,4.8400002,272.11249,-0.57999998,20.01,0.0,-1.61,6.0,1232.2,40
6,14490,3290,1920523,3290,293373340206182,-3030,56,14101,42.281391,-83.7453,225.2,4.7800002,271.95001,-0.57999998,20.01,0.0,-1.61,6.0,3276.7,42
6,14490,3290,1920523,3290,293373340305996,-3030,57,14100,42.281391,-83.7453,225.2,4.7800002,272.14999,-0.60000002,20.01,0.0,-1.23,6.0,3276.7,50
6,14490,3290,1920523,3290,293373340405572,-3030,58,14300,42.281391,-83.745308,225.10001,4.8800001,272.5625,-0.37,20.01,0.0,9.9999998E-3,6.0,-1223.4,72
6,14490,3290,1920523,3290,293373340505595,-3030,59,14400,42.281391,-83.745323,225.10001,4.8600001,272.13751,-0.23999999,20.01,0.0,-0.2,6.0,-839.90002,50
6,14490,3290,1920523,3290,293373340605607,-3030,60,14500,42.281391,-83.745323,225.10001,4.8600001,272.48749,-0.14,20.01,0.0,0.40000001,6.0,-715.29999,44
6,14490,3290,1920523,3290,293373340705600,-3030,61,14600,42.281391,-83.745331,225.10001,4.8600001,273.16251,-9.0000004E-2,20.01,0.0,1.95,6.0,-784.5,36
6,14490,3290,1920523,3290,293373340805604,-3030,62,14700,42.281391,-83.745331,225.10001,4.8400002,272.11249,-9.0000004E-2,20.01,0.0,0.28999999,6.0,-912.20001,45
6,14490,3290,1920523,3290,293373340905610,-3030,63,14800,42.281391,-83.745338,225.10001,4.8600001,271.35001,-5.0000001E-2,20.01,0.0,-2.0699999,6.0,-854.0,47
6,14490,3290,1920523,3290,293373341005602,-3030,64,14900,42.281391,-83.745354,225.0,4.8600001,272.875,-2.9999999E-2,20.01,0.0,0.13,6.0,-851.59998,66
6,14490,3290,1920523,3290,293373341105577,-3030,65,15000,42.281391,-83.745354,225.0,4.8800001,271.85001,0.0,20.01,0.0,-0.79000002,6.0,-810.20001,52
6,14490,3290,1920523,3290,293373341206035,-3030,66,15101,42.281391,-83.745354,225.0,4.8800001,271.77499,0.0,20.01,0.0,-0.79000002,6.0,-747.59998,54
6,14490,3290,1920523,3290,293373341306004,-3030,67,15100,42.281391,-83.745354,225.0,4.9200001,272.26251,5.9999999E-2,20.01,0.0,-0.28999999,6.0,-708.79999,83
6,14490,3290,1920523,3290,293373341405565,-3030,68,15300,42.281391,-83.745369,225.0,4.8800001,271.92499,2.9999999E-2,20.01,0.0,-0.64999998,6.0,-665.90002,87
6,14490,3290,1920523,3290,293373341505557,-3030,69,15400,42.281391,-83.745377,224.89999,4.8800001,271.61249,0.0,20.01,0.0,-1.3099999,6.0,-593.70001,66
6,14490,3290,1920523,3290,293373341605603,-3030,70,15500,42.281391,-83.745377,224.89999,4.8400002,271.8125,-5.0000001E-2,20.01,0.0,-0.98000002,6.0,-527.70001,74
6,14490,3290,1920523,3290,293373341705602,-3030,71,15600,42.281391,-83.745377,224.89999,4.8800001,272.76251,0.0,20.01,0.0,1.21,6.0,-540.90002,46
6,14490,3290,1920523,3290,293373341805594,-3030,72,15700,42.281391,-83.745392,224.89999,4.8600001,271.75,-9.9999998E-3,20.01,0.0,9.0000004E-2,6.0,-576.0,48
6,14490,3290,1920523,3290,293373341905555,-3030,73,15800,42.281391,-83.745399,224.89999,4.8800001,271.70001,9.9999998E-3,20.01,0.0,-0.56999999,6.0,-603.79999,82
6,14490,3290,1920523,3290,293373342005602,-3030,74,15900,42.281391,-83.745407,224.89999,4.8400002,271.6875,-0.02,20.01,0.0,-0.81999999,6.0,-610.59998,82
6,14490,3290,1920523,3290,293373342105580,-3030,75,16000,42.281391,-83.745407,224.89999,4.8600001,272.07501,-9.9999998E-3,20.01,0.0,-2.9999999E-2,6.0,-636.59998,100
6,14490,3290,1920523,3290,293373342205887,-3030,76,16101,42.281391,-83.745407,224.89999,4.8600001,272.07501,-9.9999998E-3,20.01,0.0,-2.9999999E-2,6.0,-681.40002,92
6,14490,3290,1920523,3290,293373342305993,-3030,77,16100,42.281391,-83.745407,224.89999,4.8800001,272.10001,9.9999998E-3,20.01,0.0,0.41999999,6.0,-779.79999,71
6,14490,3290,1920523,3290,293373342405562,-3030,78,16300,42.281391,-83.74543,224.8,4.8000002,271.03751,-9.0000004E-2,20.01,0.0,-1.52,6.0,-781.29999,58
6,14490,3290,1920523,3290,293373342505556,-3030,79,16400,42.281399,-83.74543,224.8,4.8800001,272.39999,9.9999998E-3,20.01,0.0,0.47999999,6.0,-851.70001,91
6,14490,3290,1920523,3290,293373342605523,-3030,80,16500,42.281399,-83.745438,224.8,4.8400002,272.10001,0.0,20.01,0.0,0.80000001,6.0,-1052.5,55
6,14490,3290,1920523,3290,293373342705542,-3030,81,16600,42.281399,-83.745453,224.8,4.8800001,272.0625,3.9999999E-2,20.01,0.0,0.72000003,6.0,3276.7,50
6,14490,3290,1920523,3290,293373342805539,-3030,82,16700,42.281399,-83.745453,224.8,4.8400002,271.78751,-9.9999998E-3,20.01,0.0,0.0,6.0,3276.7,84
6,14490,3290,1920523,3290,293373342905515,-3030,83,16800,42.281399,-83.745461,224.8,4.8600001,271.41251,0.0,20.01,0.0,-1.08,6.0,3276.7,52
6,14490,3290,1920523,3290,293373343005542,-3030,84,16900,42.281399,-83.745461,224.8,4.8200002,272.29999,-5.0000001E-2,20.01,0.0,0.31999999,6.0,3276.7,86
6,14490,3290,1920523,3290,293373343105604,-3030,85,17000,42.281399,-83.745468,224.8,4.8400002,272.52499,-2.9999999E-2,20.01,0.0,1.39,6.0,3276.7,53
6,14490,3290,1920523,3290,293373343206025,-3030,86,17101,42.281399,-83.745483,224.8,4.8400002,272.66251,-2.9999999E-2,20.01,0.0,1.39,6.0,3276.7,46
6,14490,3290,1920523,3290,293373343305988,-3030,87,17100,42.281399,-83.745483,224.8,4.8800001,271.9375,0.02,20.01,0.0,0.49000001,6.0,1183.7,70
6,14490,3290,1920523,3290,293373343405557,-3030,88,17300,42.281399,-83.745483,224.8,4.8600001,273.17499,0.02,20.01,0.0,2.3699999,6.0,717.90002,44
6,14490,3290,1920523,3290,293373343505543,-3030,89,17400,42.281399,-83.745491,224.8,4.8400002,272.98749,0.0,20.01,0.0,2.47,6.0,478.70001,42
6,14490,3290,1920523,3290,293373343605539,-3030,90,17500,42.281399,-83.745499,224.8,4.8400002,272.5,-9.9999998E-3,20.01,0.0,1.09,6.0,369.10001,74
6,14490,3290,1920523,3290,293373343705555,-3030,91,17600,42.281399,-83.745506,224.8,4.9000001,272.45001,5.9999999E-2,20.01,0.0,7.9999998E-2,6.0,320.20001,50
6,14490,3290,1920523,3290,293373343805558,-3030,92,17700,42.281399,-83.745506,224.8,4.9000001,270.79999,9.0000004E-2,20.01,0.0,-3.6400001,6.0,344.60001,28
6,14490,3290,1920523,3290,293373343905527,-3030,93,17800,42.281399,-83.745506,224.8,4.9400001,271.70001,0.13,20.01,0.0,-3.0,6.0,442.60001,26
6,14490,3290,1920523,3290,293373344006157,-3030,94,17900,42.281399,-83.745522,224.8,4.9400001,271.76251,0.12,20.01,0.0,-1.98,6.0,700.59998,34
6,14490,3290,1920523,3290,293373344106110,-3030,95,18000,42.281399,-83.745529,224.8,4.9400001,272.45001,9.0000004E-2,20.01,0.0,0.23,6.0,1349.5,94
6,14490,3290,1920523,3290,293373344206012,-3030,96,18100,42.281399,-83.745537,224.8,4.9400001,272.46249,9.0000004E-2,20.01,0.0,0.23,6.0,3276.7,45
6,14490,3290,1920523,3290,293373344305978,-3030,97,18100,42.281399,-83.745537,224.7,5.0599999,273.75,0.25999999,20.01,0.0,3.8199999,6.0,3276.7,26
6,14490,3290,1920523,3290,293373344405567,-3030,98,18300,42.281399,-83.745537,224.7,5.2600002,271.78751,0.58999997,20.01,-0.02,1.02,6.0,3276.7,34
6,14490,3290,1920523,3290,293373344505566,-3030,99,18400,42.281399,-83.745552,224.7,5.2800002,271.5,0.64999998,20.01,-0.02,-1.1,6.0,3276.7,88
6,14490,3290,1920523,3290,293373344605530,-3030,100,18500,42.281399,-83.74556,224.7,5.4400001,274.16251,0.81,20.01,0.0,3.24,6.0,3276.7,40
6,14490,3290,1920523,3290,293373344705561,-3030,101,18600,42.281399,-83.745567,224.60001,5.3800001,271.73749,0.67000002,20.01,-0.02,0.02,6.0,1211.7,96
6,14490,3290,1920523,3290,293373344805559,-3030,102,18700,42.281399,-83.745567,224.60001,5.6999998,272.79999,1.0,20.01,-0.02,0.49000001,6.0,965.29999,72
6,14490,3290,1920523,3290,293373344905532,-3030,103,18800,42.281399,-83.745583,224.60001,5.6999998,272.88751,0.95999998,20.01,-0.02,0.80000001,6.0,797.79999,74
6,14490,3290,1920523,3290,293373345005527,-3030,104,18900,42.281399,-83.74559,224.60001,5.7800002,272.0,0.92000002,20.01,0.0,-0.91000003,6.0,775.40002,42
6,14490,3290,1920523,3290,293373345105562,-3030,105,19000,42.281399,-83.745598,224.60001,5.8200002,271.13751,0.82999998,20.01,0.0,-3.28,6.0,1068.2,30
6,14490,3290,1920523,3290,293373345206127,-3030,106,19100,42.281399,-83.745613,224.60001,5.98,272.67499,0.89999998,20.01,0.0,-0.80000001,6.0,3276.7,38
6,14490,3290,1920523,3290,293373345306123,-3030,107,19200,42.281399,-83.745613,224.5,6.04,271.79999,0.88,20.01,0.0,-1.14,6.0,3276.7,48
6,14490,3290,1920523,3290,293373345406082,-3030,108,19300,42.281399,-83.745613,224.5,6.1599998,272.47501,0.93000001,20.01,0.0,0.23,6.0,3276.7,72
6,14490,3290,1920523,3290,293373345506122,-3030,109,19400,42.281399,-83.745628,224.5,6.2600002,271.89999,0.95999998,20.01,0.0,-0.25,6.0,3276.7,52
6,14490,3290,1920523,3290,293373345606119,-3030,110,19500,42.281399,-83.745644,224.5,6.3600001,272.45001,0.98000002,20.01,0.0,0.62,6.0,-1454.2,43
6,14490,3290,1920523,3290,293373345706086,-3030,111,19600,42.281399,-83.745644,224.5,6.52,272.9375,1.08,20.01,0.0,1.89,6.0,3276.7,36
6,14490,3290,1920523,3290,293373345806121,-3030,112,19700,42.281399,-83.745651,224.5,6.54,272.27499,0.99000001,20.01,0.0,0.86000001,6.0,3276.7,42
6,14490,3290,1920523,3290,293373345905537,-3030,113,19800,42.28141,-83.745659,224.5,6.6399999,272.6875,0.94999999,20.01,0.0,0.98000002,6.0,3276.7,48
6,14490,3290,1920523,3290,293373346005564,-3030,114,19900,42.28141,-83.745667,224.5,6.6999998,271.5,0.88,20.01,0.0,-1.46,6.0,3276.7,46
6,14490,3290,1920523,3290,293373346106087,-3030,115,20000,42.28141,-83.745667,224.39999,6.6999998,271.33749,0.73000002,20.01,0.0,-2.7,6.0,3276.7,34
6,14490,3290,1920523,3290,293373346206123,-3030,116,20100,42.28141,-83.745682,224.39999,6.9000001,272.21249,0.86000001,20.01,0.0,-1.0700001,6.0,3276.7,38
6,14490,3290,1920523,3290,293373346305565,-3030,117,20200,42.28141,-83.745689,224.39999,6.8600001,272.60001,0.72000003,20.01,0.0,0.68000001,6.0,-1471.7,100
6,14490,3290,1920523,3290,293373346405558,-3030,118,20300,42.28141,-83.745697,224.39999,6.8800001,273.35001,0.57999998,20.01,0.0,2.8800001,6.0,3276.7,36
6,14490,3290,1920523,3290,293373346505561,-3030,119,20400,42.28141,-83.745697,224.39999,6.9200001,272.98749,0.5,20.01,0.0,2.7,6.0,3276.7,32
6,14490,3290,1920523,3290,293373346605570,-3030,120,20500,42.28141,-83.745712,224.39999,7.0,272.71249,0.50999999,20.01,0.0,1.5599999,6.0,3276.7,38
6,14490,3290,1920523,3290,293373346706120,-3030,121,20600,42.28141,-83.74572,224.3,7.0999999,273.16251,0.60000002,20.01,0.0,1.5700001,6.0,1161.4,47
6,14490,3290,1920523,3290,293373346805652,-3030,122,20700,42.28141,-83.745743,224.3,7.0999999,273.125,0.54000002,20.01,0.0,1.1900001,6.0,756.79999,90
6,14490,3290,1920523,3290,293373346906069,-3030,123,20800,42.28141,-83.745743,224.3,7.0999999,274.04999,0.41999999,20.01,0.0,2.5599999,6.0,537.40002,64
6,14490,3290,1920523,3290,293373347006112,-3030,124,20900,42.28141,-83.74575,224.3,7.1399999,274.54999,0.38,20.01,0.0,3.71,5.0,393.60001,42
6,14490,3290,1920523,3290,293373347106074,-3030,125,21000,42.28141,-83.745758,224.3,7.2399998,274.57501,0.46000001,20.01,0.0,3.6199999,5.0,303.29999,42
6,14490,3290,1920523,3290,293373347206069,-3030,126,21100,42.28141,-83.745773,224.3,7.3200002,273.60001,0.54000002,20.01,0.0,0.97000003,5.0,258.5,72
6,14490,3290,1920523,3290,293373347306044,-3030,127,21200,42.28141,-83.745773,224.3,7.3200002,273.08749,0.47,20.01,0.0,-1.53,5.0,245.89999,32
6,14490,3290,1920523,3290,293373347406043,-3030,0,21300,42.28141,-83.745781,224.3,7.46,272.85001,0.60000002,20.01,0.0,-2.9200001,5.0,259.79999,22
6,14490,3290,1920523,3290,293373347506073,-3030,1,21400,42.28141,-83.745796,224.3,7.5,272.14999,0.63,20.01,0.0,-4.4299998,5.0,313.5,17
6,14490,3290,1920523,3290,293373347606042,-3030,2,21500,42.28141,-83.745796,224.2,7.5999999,272.0,0.69,20.01,0.0,-4.5999999,5.0,456.70001,20
6,14490,3290,1920523,3290,293373347706043,-3030,3,21600,42.28141,-83.745811,224.2,7.7399998,272.33749,0.79000002,20.01,0.0,-3.1199999,5.0,932.59998,34
6,14490,3290,1920523,3290,293373347806055,-3030,4,21700,42.28141,-83.745819,224.2,7.7399998,272.5,0.72000003,20.01,0.0,-1.47,5.0,3276.7,97
6,14490,3290,1920523,3290,293373347906038,-3030,5,21800,42.28141,-83.745827,224.2,7.8400002,272.875,0.75,20.01,0.0,0.37,5.0,-1282.3,35
6,14490,3290,1920523,3290,293373348006043,-3030,6,21900,42.28141,-83.745842,224.2,7.9200001,272.72501,0.75,20.01,0.0,0.91000003,5.0,-752.20001,28
6,14490,3290,1920523,3290,293373348106071,-3030,7,22000,42.28141,-83.74585,224.2,7.98,273.14999,0.75,20.01,0.0,1.84,5.0,-631.09998,26
6,14490,3290,1920523,3290,293373348206039,-3030,8,22100,42.28141,-83.745857,224.2,8.0799999,273.5625,0.75999999,20.01,0.0,2.74,5.0,-653.70001,26
6,14490,3290,1920523,3290,293373348306038,-3030,9,22200,42.28141,-83.745872,224.2,8.1599998,273.38751,0.79000002,20.01,0.0,2.3,5.0,-791.0,32
6,14490,3290,1920523,3290,293373348406037,-3030,10,22300,42.28141,-83.74588,224.2,8.3199997,272.97501,0.92000002,20.01,0.0,0.82999998,5.0,-1054.7,48
6,14490,3290,1920523,3290,293373348506068,-3030,11,22400,42.28141,-83.745888,224.2,8.2799997,273.27499,0.75999999,20.01,0.0,0.52999997,5.0,3276.7,72
6,14490,3290,1920523,3290,293373348606088,-3030,12,22500,42.28141,-83.745903,224.2,8.3800001,271.04999,0.75,20.01,0.0,-4.0700002,5.0,3276.7,26
6,14490,3290,1920523,3290,293373348706050,-3030,13,22600,42.28141,-83.745911,224.2,8.5200005,271.98749,0.83999997,20.01,0.0,-3.72,5.0,-1132.3,21
6,14490,3290,1920523,3290,293373348806050,-3030,14,22700,42.28141,-83.745918,224.2,8.4799995,271.54999,0.68000001,20.01,0.0,-3.6700001,5.0,-762.40002,24
6,14490,3290,1920523,3290,293373348905516,-3030,15,22800,42.28141,-83.745934,224.2,8.5200005,272.29999,0.58999997,20.01,0.0,-1.45,5.0,-584.29999,40
6,14490,3290,1920523,3290,293373349005486,-3030,16,22900,42.28141,-83.745941,224.2,8.6400003,272.45001,0.63,20.01,0.0,0.19,5.0,-510.5,48
6,14490,3290,1920523,3290,293373349105518,-3030,17,23000,42.28141,-83.745956,224.3,8.8000002,271.51251,0.80000001,20.01,0.0,-0.82999998,5.0,-465.89999,42
6,14490,3290,1920523,3290,293373349205828,-3030,18,23101,42.28141,-83.745956,224.3,8.8800001,271.42499,0.80000001,20.01,0.0,-0.82999998,5.0,-438.79999,43
6,14490,3290,1920523,3290,293373349305930,-3030,19,23100,42.281422,-83.745956,224.3,8.8199997,271.71249,0.75,20.01,0.0,-0.79000002,5.0,-423.60001,46
6,14490,3290,1920523,3290,293373349405520,-3030,20,23300,42.281422,-83.745987,224.3,8.9200001,272.73749,0.77999997,20.01,0.0,1.37,5.0,-443.89999,36
6,14490,3290,1920523,3290,293373349506088,-3030,21,23400,42.281422,-83.745987,224.3,8.8800001,272.67499,0.62,20.01,0.0,2.05,5.0,-512.90002,34
6,14490,3290,1920523,3290,293373349605495,-3030,22,23500,42.281422,-83.74601,224.3,8.9200001,272.13751,0.52999997,20.01,0.0,0.94,5.0,-633.90002,40
6,14490,3290,1920523,3290,293373349705522,-3030,23,23600,42.281422,-83.746017,224.2,8.8999996,272.11249,0.37,20.01,-0.02,0.16,5.0,-823.70001,76
6,14490,3290,1920523,3290,293373349806073,-3030,24,23700,42.281422,-83.746033,224.2,9.0600004,272.36249,0.49000001,20.01,-3.9999999E-2,0.23,5.0,-1154.9,82
6,14490,3290,1920523,3290,293373349905556,-3030,25,23800,42.281422,-83.74604,224.2,9.0200005,272.10001,0.41999999,20.01,-3.9999999E-2,-0.27000001,5.0,3276.7,49
6,14490,3290,1920523,3290,293373350005527,-3030,26,23900,42.281422,-83.746048,224.2,9.0,271.60001,0.31,20.01,-0.02,-1.47,5.0,3276.7,39
6,14490,3290,1920523,3290,293373350105491,-3030,27,24000,42.281422,-83.746063,224.2,9.1000004,272.39999,0.36000001,20.01,-0.02,-0.19,5.0,3276.7,47
6,14490,3290,1920523,3290,293373350206039,-3030,28,24100,42.281422,-83.746071,224.2,9.1800003,272.64999,0.44999999,20.01,0.0,0.93000001,5.0,3276.7,86
6,14490,3290,1920523,3290,293373350305800,-3030,29,24200,42.281422,-83.746094,224.2,9.2200003,273.33749,0.46000001,20.01,0.0,2.6600001,5.0,3276.7,38
6,14490,3290,1920523,3290,293373350405781,-3030,30,24300,42.281422,-83.746094,224.2,9.2600002,274.57501,0.47,20.01,0.0,5.4099998,5.0,1278.9,24
6,14490,3290,1920523,3290,293373350505557,-3030,31,24400,42.281422,-83.746109,224.2,9.2799997,275.54999,0.44,20.01,0.0,7.6100001,5.0,580.40002,14
6,14490,3290,1920523,3290,293373350605613,-3030,32,24500,42.281429,-83.746117,224.2,9.46,277.11249,0.62,20.01,0.0,10.27,5.0,326.0,6
6,14490,3290,1920523,3290,293373350706099,-3030,33,24600,42.281429,-83.746132,224.2,9.5,279.38751,0.63999999,20.01,0.0,14.01,5.0,203.10001,0
6,14490,3290,1920523,3290,293373350806094,-3030,34,24700,42.281429,-83.74614,224.10001,9.4799995,280.47501,0.51999998,20.01,0.0,15.25,6.0,138.8,0
6,14490,3290,1920523,3290,293373350906173,-3030,35,24800,42.281429,-83.746147,224.10001,9.5200005,280.60001,0.47,20.01,-0.02,13.12,6.0,104.1,15
6,14490,3290,1920523,3290,293373351005564,-3030,36,24900,42.281429,-83.746162,224.0,9.4200001,279.13751,0.23,20.01,-3.9999999E-2,6.6599998,6.0,86.0,46
6,14490,3290,1920523,3290,293373351105747,-3030,37,25000,42.281429,-83.74617,224.0,9.5600004,279.60001,0.31,20.01,-3.9999999E-2,3.0799999,6.0,76.699997,10
6,14490,3290,1920523,3290,293373351206138,-3030,38,25100,42.281429,-83.746193,224.0,9.6000004,278.03751,0.34999999,20.01,-0.02,-2.3399999,6.0,73.699997,0
6,14490,3290,1920523,3290,293373351305610,-3030,39,25200,42.281429,-83.746193,223.89999,9.5,277.13751,0.18000001,20.01,-0.02,-6.3299999,6.0,76.199997,0
6,14490,3290,1920523,3290,293373351405532,-3030,40,25300,42.281429,-83.746208,223.89999,9.6000004,276.25,0.22,20.01,-0.02,-8.8000002,6.0,85.0,0
6,14490,3290,1920523,3290,293373351505569,-3030,41,25400,42.281429,-83.746223,223.89999,9.4200001,275.91251,-5.9999999E-2,20.01,0.0,-8.9499998,6.0,103.0,0
6,14490,3290,1920523,3290,293373351605599,-3030,42,25500,42.281429,-83.746231,223.8,9.4399996,274.75,-0.11,20.01,0.0,-9.54,6.0,140.39999,0
6,14490,3290,1920523,3290,293373351706141,-3030,43,25600,42.281429,-83.746239,223.8,9.3000002,273.35001,-0.33000001,20.01,0.0,-10.7,6.0,242.89999,13
6,14490,3290,1920523,3290,293373351806120,-3030,44,25700,42.281429,-83.746246,223.8,9.6199999,273.9375,0.1,20.01,0.0,-8.0500002,6.0,932.59998,38
6,14490,3290,1920523,3290,293373351905604,-3030,45,25800,42.281429,-83.746262,223.8,9.46,272.97501,0.02,20.01,0.0,-7.04,6.0,-541.70001,46
6,14490,3290,1920523,3290,293373352005572,-3030,46,25900,42.281429,-83.746277,223.8,9.2799997,272.33749,-0.28999999,20.01,0.0,-6.4200001,6.0,-220.60001,32
6,14490,3290,1920523,3290,293373352105544,-3030,47,26000,42.281429,-83.746277,223.7,9.3400002,271.91251,-0.25999999,20.01,0.0,-5.6799998,6.0,-145.10001,28
6,14490,3290,1920523,3290,293373352206139,-3030,48,26100,42.281429,-83.7463,223.7,9.3599997,272.25,-0.2,20.01,0.0,-3.54,6.0,-114.1,22
6,14490,3290,1920523,3290,293373352305570,-3030,49,26200,42.281429,-83.746307,223.7,9.3599997,272.10001,-0.14,20.01,0.0,-2.0999999,6.0,-99.0,18
6,14490,3290,1920523,3290,293373352405608,-3030,50,26300,42.281429,-83.746323,223.7,9.2399998,271.76251,-0.28,20.01,0.0,-1.62,6.0,-91.5,21
6,14490,3290,1920523,3290,293373352506169,-3030,51,26400,42.281429,-83.74633,223.7,9.4399996,271.97501,9.9999998E-3,20.01,0.0,-0.66000003,6.0,-88.800003,24
6,14490,3290,1920523,3290,293373352605651,-3030,52,26500,42.281441,-83.746353,223.60001,9.4200001,273.04999,7.9999998E-2,20.01,0.0,2.02,6.0,-90.900002,20
6,14490,3290,1920523,3290,293373352706133,-3030,53,26600,42.281441,-83.746353,223.5,9.3800001,272.14999,3.9999999E-2,20.01,-0.02,1.2,6.0,-96.699997,27
6,14490,3290,1920523,3290,293373352805620,-3030,54,26700,42.281441,-83.746368,223.5,9.0600004,271.79999,-0.44999999,20.01,-0.02,-9.0000004E-2,6.0,-105.7,40
6,14490,3290,1920523,3290,293373352905799,-3030,55,26800,42.281441,-83.746384,223.5,9.2399998,272.6875,-0.28,20.01,-0.02,0.99000001,6.0,-119.4,48
6,14490,3290,1920523,3290,293373353005610,-3030,56,26900,42.281441,-83.746391,223.39999,9.3199997,273.01251,-7.9999998E-2,20.01,-0.02,1.98,6.0,-141.2,47
6,14490,3290,1920523,3290,293373353105877,-3030,57,27000,42.281441,-83.746399,223.39999,9.2799997,272.47501,-5.0000001E-2,20.01,0.0,1.03,6.0,-174.10001,82
6,14490,3290,1920523,3290,293373353206837,-3030,58,27100,42.281441,-83.746407,223.3,9.1599998,270.9375,-0.2,20.01,-0.02,-2.6400001,7.0,-215.2,34
6,14490,3290,1920523,3290,293373353305698,-3030,59,27200,42.281441,-83.746422,223.39999,9.1800003,272.14999,-0.2,20.01,0.0,-1.5599999,7.0,-269.39999,34
6,14490,3290,1920523,3290,293373353406176,-3030,60,27300,42.281441,-83.746429,223.39999,9.1599998,272.53751,-0.18000001,20.01,0.0,9.9999998E-3,7.0,-352.60001,44
6,14490,3290,1920523,3290,293373353505804,-3030,61,27400,42.281441,-83.746437,223.3,9.1999998,271.8125,-0.11,20.01,0.0,-0.61000001,7.0,-481.20001,58
6,14490,3290,1920523,3290,293373353605901,-3030,62,27500,42.281441,-83.746452,223.2,9.0600004,270.86249,-0.25999999,20.01,0.0,-2.6500001,7.0,-634.40002,40
6,14490,3290,1920523,3290,293373353705730,-3030,63,27600,42.281441,-83.746468,223.2,9.0600004,270.63751,-0.30000001,20.01,0.0,-3.5899999,7.0,-735.90002,36
6,14490,3290,1920523,3290,293373353806216,-3030,64,27700,42.281441,-83.746483,223.10001,9.2399998,270.70001,9.9999998E-3,20.01,-0.02,-3.24,7.0,-741.5,38
6,14490,3290,1920523,3290,293373353905693,-3030,65,27800,42.281441,-83.74649,223.10001,9.2200003,270.89999,9.0000004E-2,20.01,-0.02,-2.02,7.0,-701.29999,58
6,14490,3290,1920523,3290,293373354006161,-3030,66,27900,42.281441,-83.746498,223.10001,9.2399998,270.625,0.13,20.01,0.0,-1.5700001,7.0,-649.0,76
6,14490,3290,1920523,3290,293373354105573,-3030,67,28000,42.281441,-83.746513,223.10001,9.1999998,270.97501,0.07,20.01,0.0,-0.36000001,7.0,-623.70001,40
6,14490,3290,1920523,3290,293373354206086,-3030,68,28101,42.281441,-83.746521,223.10001,9.1999998,270.9375,0.07,20.01,0.0,-0.36000001,7.0,-616.59998,38
6,14490,3290,1920523,3290,293373354306039,-3030,69,28100,42.281441,-83.746521,223.0,9.3199997,271.53751,0.22,20.01,0.0,1.4,7.0,-670.79999,32
6,14490,3290,1920523,3290,293373354405759,-3030,70,28300,42.281441,-83.746536,223.0,9.2399998,271.95001,0.12,20.01,0.0,2.79,7.0,-867.29999,28
6,14490,3290,1920523,3290,293373354505837,-3030,71,28400,42.281441,-83.746559,223.0,9.2799997,272.20001,0.12,20.01,0.0,3.45,7.0,3276.7,27
6,14490,3290,1920523,3290,293373354605609,-3030,72,28500,42.281441,-83.746567,223.0,9.3400002,272.0,0.20999999,20.01,0.0,2.71,7.0,3276.7,34
6,14490,3290,1920523,3290,293373354705591,-3030,73,28600,42.281441,-83.746582,222.89999,9.3400002,271.79999,0.20999999,20.01,0.0,1.4,7.0,3276.7,60
6,14490,3290,1920523,3290,293373354805609,-3030,74,28700,42.281441,-83.74659,223.0,9.2399998,272.20001,0.02,20.01,0.0,1.28,7.0,892.0,70
6,14490,3290,1920523,3290,293373354905601,-3030,75,28800,42.281441,-83.746597,223.0,9.3999996,272.63751,0.19,20.01,0.0,1.8099999,7.0,615.59998,62
6,14490,3290,1920523,3290,293373355005671,-3030,76,28900,42.281441,-83.746613,223.0,9.3199997,271.75,0.11,20.01,0.0,0.0,7.0,507.29999,40
6,14490,3290,1920523,3290,293373355105632,-3030,77,29000,42.281441,-83.746628,223.0,9.3199997,271.82501,5.9999999E-2,20.01,0.0,-0.75,7.0,468.89999,35
6,14490,3290,1920523,3290,293373355206287,-3030,78,29101,42.281441,-83.746643,223.0,9.3199997,271.75,5.9999999E-2,20.01,0.0,-0.75,7.0,467.29999,36
6,14490,3290,1920523,3290,293373355306024,-3030,79,29100,42.281441,-83.746643,222.89999,9.3000002,271.3125,-9.9999998E-3,20.01,0.0,-1.97,7.0,514.29999,34
6,14490,3290,1920523,3290,293373355405793,-3030,80,29300,42.281441,-83.746658,222.89999,9.2799997,270.4375,-5.9999999E-2,20.01,0.0,-3.9100001,7.0,681.09998,29
6,14490,3290,1920523,3290,293373355505612,-3030,81,29400,42.281441,-83.746674,222.8,9.1599998,271.41251,-0.23999999,20.01,-0.02,-2.1900001,7.0,1119.2,37
6,14490,3290,1920523,3290,293373355606147,-3030,82,29500,42.281441,-83.746681,222.8,9.3199997,271.45001,-3.9999999E-2,20.01,-0.02,-0.82999998,7.0,3276.7,90
6,14490,3290,1920523,3290,293373355705605,-3030,83,29600,42.281441,-83.746689,222.8,9.2200003,271.71249,-0.1,20.01,-0.02,0.5,7.0,3276.7,40
6,14490,3290,1920523,3290,293373355805611,-3030,84,29700,42.281441,-83.746696,222.7,9.1999998,271.36249,-0.13,20.01,-0.02,0.38,7.0,3276.7,36
6,14490,3290,1920523,3290,293373355906170,-3030,85,29800,42.281441,-83.746712,222.7,9.1999998,271.64999,-0.12,20.01,-0.02,0.81,7.0,3276.7,36
6,14490,3290,1920523,3290,293373356005609,-3030,86,29900,42.281441,-83.746727,222.7,9.2200003,271.29999,-7.9999998E-2,20.01,0.0,0.16,7.0,3276.7,42
6,14490,3290,1920523,3290,293373356105610,-3030,87,30000,42.281441,-83.746727,222.7,9.1599998,271.3125,-0.13,20.01,0.0,-0.14,7.0,-1358.7,64
6,14490,3290,1920523,3290,293373356206064,-3030,88,30101,42.281441,-83.74675,222.7,9.1599998,271.29999,-0.13,20.01,0.0,-0.14,7.0,-1279.7,98
6,14490,3290,1920523,3290,293373356306030,-3030,89,30100,42.281441,-83.74675,222.7,9.1400003,271.70001,-0.16,20.01,0.0,0.47999999,7.0,-1317.8,90
6,14490,3290,1920523,3290,293373356405610,-3030,90,30300,42.281441,-83.746773,222.7,9.1400003,272.04999,-0.16,20.01,0.0,1.37,7.0,3276.7,54
6,14490,3290,1920523,3290,293373356506155,-3030,91,30400,42.281441,-83.74678,222.60001,9.04,271.79999,-0.28999999,20.01,0.0,1.0700001,7.0,3276.7,56
6,14490,3290,1920523,3290,293373356606170,-3030,92,30500,42.281441,-83.746788,222.60001,8.9799995,272.0,-0.38,20.01,0.0,1.1,7.0,3276.7,65
6,14490,3290,1920523,3290,293373356706169,-3030,93,30600,42.281441,-83.746803,222.60001,8.96,271.67499,-0.38,20.01,0.0,0.25999999,7.0,3276.7,90
6,14490,3290,1920523,3290,293373356806174,-3030,94,30700,42.281441,-83.746811,222.60001,8.8999996,271.73749,-0.43000001,20.01,0.0,-7.9999998E-2,7.0,3276.7,57
6,14490,3290,1920523,3290,293373356906132,-3030,95,30800,42.281441,-83.746834,222.5,8.8400002,272.11249,-0.44999999,20.01,0.0,0.49000001,7.0,3276.7,72
6,14490,3290,1920523,3290,293373357006137,-3030,96,30900,42.281441,-83.746834,222.5,8.8000002,271.66251,-0.44999999,20.01,0.0,-0.18000001,7.0,3276.7,58
6,14490,3290,1920523,3290,293373357106131,-3030,97,31000,42.281441,-83.746841,222.5,8.7799997,271.95001,-0.41,20.01,0.0,5.0000001E-2,7.0,3276.7,68
6,14490,3290,1920523,3290,293373357206045,-3030,98,31100,42.281448,-83.746857,222.5,8.7399998,271.95001,-0.41,20.01,0.0,5.0000001E-2,7.0,3276.7,80
6,14490,3290,1920523,3290,293373357306025,-3030,99,31100,42.281448,-83.746857,222.5,8.6599998,271.83749,-0.52999997,20.01,0.0,-3.9999999E-2,7.0,3276.7,86
6,14490,3290,1920523,3290,293373357406178,-3030,100,31300,42.281448,-83.74688,222.39999,8.5600004,272.5,-0.63,20.01,0.0,1.1900001,7.0,1489.9,60
6,14490,3290,1920523,3290,293373357506149,-3030,101,31400,42.281448,-83.746887,222.39999,8.5,272.4375,-0.67000002,20.01,0.0,1.46,7.0,1238.3,46
6,14490,3290,1920523,3290,293373357605611,-3030,102,31500,42.281448,-83.746887,222.3,8.3599997,272.03751,-0.80000001,20.01,-0.02,0.51999998,7.0,1079.2,66
6,14490,3290,1920523,3290,293373357705622,-3030,103,31600,42.281448,-83.74691,222.3,8.2799997,272.48749,-0.85000002,20.01,-0.02,0.83999997,7.0,951.5,78
6,14490,3290,1920523,3290,293373357806135,-3030,104,31700,42.281448,-83.746918,222.3,8.1999998,272.41251,-0.83999997,20.01,0.0,0.69,7.0,858.40002,94
6,14490,3290,1920523,3290,293373357906164,-3030,105,31800,42.281448,-83.746933,222.3,8.0600004,272.67499,-0.93000001,20.01,0.0,0.99000001,7.0,775.20001,91
6,14490,3290,1920523,3290,293373358006133,-3030,106,31900,42.281448,-83.746933,222.2,7.96,272.85001,-0.97000003,20.01,0.0,1.29,7.0,692.70001,80
6,14490,3290,1920523,3290,293373358106132,-3030,107,32000,42.281448,-83.746948,222.2,7.8200002,272.85001,-1.05,20.01,0.0,1.1900001,7.0,621.70001,82
6,14490,3290,1920523,3290,293373358206044,-3030,108,32100,42.281448,-83.746964,222.2,7.7199998,272.97501,-1.05,20.01,0.0,1.1900001,7.0,562.40002,86
6,14490,3290,1920523,3290,293373358306037,-3030,109,32100,42.281448,-83.746964,222.10001,7.6399999,272.61249,-1.1900001,20.01,0.0,0.44,7.0,529.79999,79
6,14490,3290,1920523,3290,293373358406184,-3030,110,32300,42.281448,-83.746971,222.10001,7.46,273.5,-1.34,20.01,0.0,1.72,7.0,488.20001,84
6,14490,3290,1920523,3290,293373358506141,-3030,111,32400,42.281448,-83.746979,222.0,7.2800002,272.8125,-1.47,20.01,-0.02,0.67000002,7.0,462.5,90
6,14490,3290,1920523,3290,293373358606189,-3030,112,32500,42.281448,-83.746986,222.0,7.1999998,273.47501,-1.42,20.01,-0.02,1.3,7.0,437.10001,96
6,14490,3290,1920523,3290,293373358706145,-3030,113,32600,42.281448,-83.747002,222.0,7.04,273.11249,-1.41,20.01,0.0,0.66000003,7.0,422.60001,85
6,14490,3290,1920523,3290,293373358806157,-3030,114,32700,42.281448,-83.747009,222.0,6.8400002,273.08749,-1.49,20.01,0.0,0.15000001,7.0,423.39999,58
6,14490,3290,1920523,3290,293373358906203,-3030,115,32800,42.281448,-83.747017,222.0,6.6599998,272.85001,-1.59,20.01,0.0,-0.57999998,7.0,449.70001,44
6,14490,3290,1920523,3290,293373359006173,-3030,116,32900,42.281448,-83.747017,222.0,6.52,272.78751,-1.58,20.01,0.0,-0.95999998,7.0,513.20001,42
6,14490,3290,1920523,3290,293373359106178,-3030,117,33000,42.281448,-83.747032,222.0,6.4400001,273.47501,-1.46,20.01,0.0,0.38,7.0,589.09998,70
6,14490,3290,1920523,3290,293373359206156,-3030,118,33100,42.281448,-83.74704,222.0,6.3600001,273.33749,-1.3200001,20.01,0.0,0.69999999,7.0,664.59998,80
6,14490,3290,1920523,3290,293373359306144,-3030,119,33200,42.281448,-83.747047,222.0,6.4200001,272.78751,-0.98000002,20.01,0.0,-0.34,7.0,789.59998,98
6,14490,3290,1920523,3290,293373359406128,-3030,120,33300,42.28146,-83.747063,222.0,6.3800001,272.79999,-0.77999997,20.01,0.0,-0.75999999,7.0,1040.8,72
6,14490,3290,1920523,3290,293373359506205,-3030,121,33400,42.28146,-83.747063,222.0,6.2399998,272.77499,-0.77999997,20.01,0.0,-0.87,7.0,3276.7,60
6,14490,3290,1920523,3290,293373359606203,-3030,122,33500,42.28146,-83.74707,222.10001,6.1999998,273.57501,-0.72000003,20.01,0.0,0.79000002,7.0,3276.7,72
6,14490,3290,1920523,3290,293373359706169,-3030,123,33600,42.28146,-83.747078,222.10001,6.1799998,274.01251,-0.61000001,20.01,0.0,2.3299999,7.0,3276.7,38
6,14490,3290,1920523,3290,293373359806187,-3030,124,33700,42.28146,-83.747093,222.10001,6.0,273.38751,-0.75,20.01,0.0,1.4,7.0,3276.7,40
6,14490,3290,1920523,3290,293373359906192,-3030,125,33800,42.28146,-83.747093,222.10001,5.9200001,273.75,-0.81,20.01,0.0,1.39,7.0,1278.2,46
6,14490,3290,1920523,3290,293373360006164,-3030,126,33900,42.28146,-83.747101,222.0,5.6599998,273.89999,-1.1,20.01,0.0,1.38,7.0,913.29999,56
6,14490,3290,1920523,3290,293373360106135,-3030,127,34000,42.28146,-83.747108,222.0,5.5799999,273.14999,-1.1799999,20.01,-0.02,-0.31999999,7.0,786.20001,55
6,14490,3290,1920523,3290,293373360206169,-3030,0,34100,42.28146,-83.747108,222.0,5.4000001,272.88751,-1.3,20.01,-0.02,-1.63,7.0,841.90002,36
6,14490,3290,1920523,3290,293373360306172,-3030,1,34200,42.28146,-83.747124,222.0,5.2199998,272.29999,-1.41,20.01,-0.02,-3.0899999,7.0,1381.1,29
6,14490,3290,1920523,3290,293373360406187,-3030,2,34300,42.28146,-83.747124,221.89999,5.0799999,272.47501,-1.46,20.01,-3.9999999E-2,-2.8800001,7.0,3276.7,30
6,14490,3290,1920523,3290,293373360506185,-3030,3,34400,42.28146,-83.747131,221.89999,4.9200001,273.98749,-1.48,20.01,-3.9999999E-2,0.73000002,7.0,3276.7,90
6,14490,3290,1920523,3290,293373360606197,-3030,4,34500,42.28146,-83.747139,221.89999,4.8600001,274.64999,-1.37,20.01,-0.02,3.6800001,7.0,3276.7,30
6,14490,3290,1920523,3290,293373360706159,-3030,5,34600,42.28146,-83.747139,221.89999,4.6999998,275.07501,-1.35,20.01,0.0,5.2399998,7.0,3276.7,18
6,14490,3290,1920523,3290,293373360806192,-3030,6,34700,42.28146,-83.747147,221.89999,4.6599998,273.95001,-1.21,20.01,0.0,2.78,7.0,806.0,27
6,14490,3290,1920523,3290,293373360906152,-3030,7,34800,42.28146,-83.747147,222.0,4.4400001,273.35001,-1.29,20.01,0.0,-0.12,7.0,517.20001,79
6,14490,3290,1920523,3290,293373361006185,-3030,8,34900,42.28146,-83.747162,222.0,4.54,274.45001,-0.97000003,20.01,0.0,0.60000002,7.0,399.79999,48
6,14490,3290,1920523,3290,293373361106224,-3030,9,35000,42.28146,-83.747162,222.0,4.4400001,275.61249,-0.86000001,20.01,0.0,3.1099999,7.0,304.10001,86
6,14490,3290,1920523,3290,293373361206157,-3030,10,35100,42.28146,-83.747169,222.0,4.2600002,277.14999,-0.98000002,20.01,0.0,6.73,7.0,210.39999,31
6,14490,3290,1920523,3290,293373361306163,-3030,11,35200,42.28146,-83.747177,222.0,4.2800002,280.4375,-0.82999998,20.01,0.0,13.62,7.0,130.39999,0
6,14490,3290,1920523,3290,293373361406189,-3030,12,35300,42.28146,-83.747177,222.0,4.0999999,281.88751,-0.94,20.01,0.0,17.200001,7.0,81.599998,0
6,14490,3290,1920523,3290,293373361506188,-3030,13,35400,42.281471,-83.747177,222.0,4.1399999,282.08749,-0.77999997,20.01,0.0,16.0,7.0,56.099998,0
6,14490,3290,1920523,3290,293373361606174,-3030,14,35500,42.281471,-83.747192,222.0,4.0599999,283.92499,-0.70999998,20.01,0.0,15.88,7.0,41.599998,5
6,14490,3290,1920523,3290,293373361706189,-3030,15,35600,42.281471,-83.747192,222.0,4.1799998,284.85001,-0.38999999,20.01,0.0,14.51,7.0,33.099998,27
6,14490,3290,1920523,3290,293373361806186,-3030,16,35700,42.281471,-83.7472,222.0,4.0599999,288.70001,-0.38999999,20.01,0.0,18.540001,7.0,27.1,27
6,14490,3290,1920523,3290,293373361906181,-3030,17,35800,42.281479,-83.7472,222.0,4.04,292.78751,-0.37,20.01,0.0,24.870001,7.0,22.4,6
6,14490,3290,1920523,3290,293373362006185,-3030,18,35900,42.281479,-83.747208,222.0,4.02,296.14999,-0.33000001,20.01,0.0,29.700001,7.0,18.6,0
6,14490,3290,1920523,3290,293373362106150,-3030,19,36000,42.281479,-83.747208,222.0,4.0,300.01251,-0.31,20.01,0.0,33.849998,7.0,15.5,0
6,14490,3290,1920523,3290,293373362206132,-3030,20,36100,42.281479,-83.747223,222.0,4.0999999,301.82501,-0.1,20.01,0.0,32.82,7.0,13.3,0
6,14490,3290,1920523,3290,293373362306194,-3030,21,36200,42.281479,-83.747223,222.10001,3.98,303.64999,-0.18000001,20.01,0.0,29.459999,7.0,11.6,16
6,14490,3290,1920523,3290,293373362406213,-3030,22,36300,42.28149,-83.747223,222.10001,3.8399999,307.86249,-0.38999999,20.01,0.0,30.280001,8.0,10.4,36
6,14490,3290,1920523,3290,293373362506227,-3030,23,36400,42.28149,-83.747223,222.10001,3.8800001,313.23749,-0.34,20.01,0.0,35.259998,8.0,9.3000002,28
6,14490,3290,1920523,3290,293373362605661,-3030,24,36500,42.28149,-83.747223,222.10001,3.8,317.0625,-0.41,20.01,0.0,38.310001,8.0,8.5,17
6,14490,3290,1920523,3290,293373362706231,-3030,25,36600,42.281502,-83.747223,222.10001,3.9200001,319.08749,-0.18000001,20.01,0.0,36.279999,8.0,7.8000002,26
6,14490,3290,1920523,3290,293373362806235,-3030,26,36700,42.281502,-83.747231,222.2,3.9400001,320.13751,-5.0000001E-2,20.01,0.0,30.25,8.0,7.3000002,42
6,14490,3290,1920523,3290,293373362906235,-3030,27,36800,42.281502,-83.747231,222.2,3.98,323.0,0.07,20.01,0.0,26.940001,8.0,7.0,14
6,14490,3290,1920523,3290,293373363005658,-3030,28,36900,42.281509,-83.747231,222.3,4.0799999,327.72501,0.23999999,20.01,0.0,29.280001,8.0,6.8000002,16
6,14490,3290,1920523,3290,293373363105664,-3030,29,37000,42.281509,-83.747231,222.3,4.2600002,333.36249,0.54000002,20.01,0.0,35.73,8.0,6.6999998,96
6,14490,3290,1920523,3290,293373363205639,-3030,30,37100,42.281509,-83.747231,222.3,4.1599998,336.8125,0.44,20.01,0.0,38.669998,8.0,6.5,22
6,14490,3290,1920523,3290,293373363306230,-3030,31,37200,42.281521,-83.747231,222.3,4.3400002,339.33749,0.58999997,20.01,0.0,37.5,8.0,6.4000001,18
6,14490,3290,1920523,3290,293373363406229,-3030,32,37300,42.281521,-83.747238,222.3,4.1799998,339.5625,0.34,20.01,0.0,30.049999,8.0,6.4000001,80
6,14490,3290,1920523,3290,293373363505728,-3030,33,37400,42.281521,-83.747238,222.3,4.4400001,342.04999,0.57999998,20.01,-0.02,25.360001,9.0,6.4000001,14
6,14490,3290,1920523,3290,293373363605699,-3030,34,37500,42.281528,-83.747238,222.3,4.6599998,345.21249,0.89999998,20.01,-0.02,24.26,9.0,6.5999999,0
6,14490,3290,1920523,3290,293373363705667,-3030,35,37600,42.281528,-83.747238,222.3,4.6199999,346.20001,0.82999998,20.01,-0.02,20.889999,9.0,6.8000002,0
6,14490,3290,1920523,3290,293373363805712,-3030,36,37700,42.28154,-83.747238,222.3,4.8400002,349.1875,1.0,20.01,-0.02,20.99,9.0,7.0999999,0
6,14490,3290,1920523,3290,293373363905789,-3030,37,37800,42.28154,-83.747238,222.3,4.8000002,351.0,0.83999997,20.01,-0.02,20.49,9.0,7.5,8
6,14490,3290,1920523,3290,293373364006309,-3030,38,37900,42.281551,-83.747238,222.39999,5.0999999,351.83749,1.11,20.01,0.0,17.860001,9.0,8.0,12
6,14490,3290,1920523,3290,293373364106292,-3030,39,38000,42.281551,-83.747238,222.39999,5.0599999,352.60001,0.99000001,20.01,0.0,14.58,9.0,8.6999998,8
6,14490,3290,1920523,3290,293373364205791,-3030,40,38100,42.281559,-83.747238,222.39999,5.2600002,353.5625,1.1,20.01,0.0,11.98,9.0,9.5,4
6,14490,3290,1920523,3290,293373364306279,-3030,41,38200,42.281559,-83.747238,222.39999,5.3200002,356.20001,1.0599999,20.01,0.0,13.51,9.0,10.5,18
6,14490,3290,1920523,3290,293373364405709,-3030,42,38300,42.281559,-83.747238,222.39999,5.2399998,355.96249,0.76999998,20.01,0.0,11.16,9.0,11.7,21
6,14490,3290,1920523,3290,293373364505984,-3030,43,38400,42.28157,-83.747238,222.39999,5.54,358.13751,1.0,20.01,0.0,12.06,9.0,13.2,32
6,14490,3290,1920523,3290,293373364605763,-3030,44,38500,42.28157,-83.747238,222.39999,5.5999999,357.46249,1.01,20.01,0.0,8.8400002,9.0,15.1,28
6,14490,3290,1920523,3290,293373364705770,-3030,45,38600,42.281582,-83.747238,222.39999,5.7399998,357.95001,1.0700001,20.01,0.0,6.48,9.0,17.6,22
6,14490,3290,1920523,3290,293373364805767,-3030,46,38700,42.28159,-83.747238,222.39999,5.8000002,358.89999,1.03,20.01,0.0,5.8800001,9.0,20.700001,21
6,14490,3290,1920523,3290,293373364905763,-3030,47,38800,42.28159,-83.747238,222.39999,5.9200001,359.5625,1.03,20.01,0.0,5.7399998,9.0,24.799999,26
6,14490,3290,1920523,3290,293373365005743,-3030,48,38900,42.281601,-83.747238,222.39999,5.9400001,358.98749,0.93000001,20.01,0.0,3.4200001,9.0,30.4,24
6,14490,3290,1920523,3290,293373365105715,-3030,49,39000,42.281601,-83.747238,222.39999,6.0999999,359.66251,0.97000003,20.01,0.0,2.9300001,9.0,38.299999,26
6,14490,3290,1920523,3290,293373365205864,-3030,50,39100,42.281609,-83.747238,222.39999,6.1799998,359.98749,0.95999998,20.01,0.0,2.74,10.0,49.799999,31
6,14490,3290,1920523,3290,293373365305802,-3030,51,39200,42.281609,-83.747238,222.39999,6.3800001,359.70001,1.1,20.01,0.0,1.5700001,10.0,68.0,32
6,14490,3290,1920523,3290,293373365405800,-3030,52,39300,42.28162,-83.747238,222.39999,6.3400002,359.91251,0.94,20.01,0.0,1.09,10.0,100.0,35
6,14490,3290,1920523,3290,293373365505831,-3030,53,39400,42.28162,-83.747238,222.39999,6.5999999,1.05,1.14,20.01,0.0,2.8399999,10.0,162.5,58
6,14490,3290,1920523,3290,293373365605828,-3030,54,39500,42.281631,-83.747238,222.39999,6.5799999,0.80000001,1.01,20.01,0.0,2.6700001,10.0,321.10001,86
6,14490,3290,1920523,3290,293373365705775,-3030,55,39600,42.281639,-83.747238,222.39999,6.8200002,1.55,1.15,20.01,0.0,3.54,10.0,1126.0,46
6,14490,3290,1920523,3290,293373365805799,-3030,56,39700,42.281639,-83.747238,222.39999,6.7199998,1.2,0.88999999,20.01,0.0,2.5799999,10.0,-1445.2,50
6,14490,3290,1920523,3290,293373365905817,-3030,57,39800,42.281651,-83.747238,222.39999,6.9200001,1.65,0.94999999,20.01,0.0,2.5,10.0,-583.09998,74
6,14490,3290,1920523,3290,293373366005824,-3030,58,39900,42.281651,-83.747238,222.39999,7.02,1.3,0.99000001,20.01,0.0,1.27,10.0,-422.70001,60
6,14490,3290,1920523,3290,293373366105801,-3030,59,40000,42.281658,-83.747238,222.39999,7.1399999,1.275,1.04,20.01,0.0,0.37,10.0,-360.5,40
6,14490,3290,1920523,3290,293373366206067,-3030,60,40100,42.28167,-83.747238,222.39999,7.0799999,1.2875,0.80000001,20.01,0.0,-0.12,10.0,-331.70001,37
6,14490,3290,1920523,3290,293373366305973,-3030,61,40200,42.28167,-83.747231,222.39999,7.2399998,2.2,0.82999998,20.01,0.0,1.4299999,10.0,-335.0,48
6,14490,3290,1920523,3290,293373366406003,-3030,62,40300,42.281681,-83.747231,222.39999,7.2399998,2.2625,0.72000003,20.01,0.0,2.05,10.0,-372.0,86
6,14490,3290,1920523,3290,293373366505997,-3030,63,40400,42.281689,-83.747231,222.39999,7.2800002,1.6375,0.63,20.01,0.0,0.73000002,10.0,-435.20001,94
6,14490,3290,1920523,3290,293373366605767,-3030,64,40500,42.2817,-83.747231,222.39999,7.3600001,1.5375,0.63,20.01,0.0,-0.25,10.0,-518.79999,49
6,14490,3290,1920523,3290,293373366705773,-3030,65,40600,42.2817,-83.747231,222.39999,7.48,1.95,0.69999999,20.01,0.0,0.1,10.0,-642.5,50
6,14490,3290,1920523,3290,293373366805830,-3030,66,40700,42.281712,-83.747231,222.39999,7.3600001,1.4125,0.44999999,20.01,0.0,-0.76999998,10.0,-787.79999,44
6,14490,3290,1920523,3290,293373366905815,-3030,67,40800,42.281719,-83.747231,222.39999,7.4400001,1.75,0.41999999,20.01,0.0,-0.38999999,10.0,-973.0,48
6,14490,3290,1920523,3290,293373367006356,-3030,68,40900,42.281719,-83.747231,222.39999,7.6199999,3.0250001,0.60000002,20.01,0.0,2.3499999,10.0,3276.7,46
6,14490,3290,1920523,3290,293373367106361,-3030,69,41000,42.281731,-83.747231,222.39999,7.46,0.25,0.33000001,20.01,0.0,-2.1700001,10.0,3276.7,48
6,14490,3290,1920523,3290,293373367206316,-3030,70,41100,42.281731,-83.747231,222.39999,7.5,2.0,0.23999999,20.01,0.0,-0.55000001,10.0,3276.7,54
6,14490,3290,1920523,3290,293373367305959,-3030,71,41200,42.281738,-83.747231,222.39999,7.52,2.0125,0.20999999,20.01,0.0,0.37,10.0,3276.7,95
6,14490,3290,1920523,3290,293373367406039,-3030,72,41300,42.28175,-83.747231,222.39999,7.3400002,0.60000002,-0.1,20.01,0.0,-1.99,10.0,3276.7,47
6,14490,3290,1920523,3290,293373367505775,-3030,73,41400,42.28175,-83.747231,222.39999,7.6399999,2.9000001,0.23999999,20.01,0.0,1.6900001,10.0,3276.7,48
6,14490,3290,1920523,3290,293373367605811,-3030,74,41500,42.281761,-83.747231,222.39999,7.6999998,2.2375,0.43000001,20.01,0.0,1.9,10.0,3276.7,38
6,14490,3290,1920523,3290,293373367705777,-3030,75,41600,42.281769,-83.747231,222.39999,7.5799999,1.7375,0.25999999,20.01,0.0,0.64999998,10.0,3276.7,45
6,14490,3290,1920523,3290,293373367805781,-3030,76,41700,42.28178,-83.747231,222.39999,7.5,1.8625,2.9999999E-2,20.01,0.0,0.16,10.0,3276.7,82
6,14490,3290,1920523,3290,293373367905811,-3030,77,41800,42.28178,-83.747231,222.39999,7.52,1.9,-0.02,20.01,0.0,-5.0000001E-2,10.0,3276.7,79
6,14490,3290,1920523,3290,293373368006314,-3030,78,41900,42.281792,-83.747231,222.5,7.5999999,1.25,5.9999999E-2,20.01,0.0,-1.41,10.0,3276.7,42
6,14490,3290,1920523,3290,293373368105823,-3030,79,42000,42.281799,-83.747231,222.5,7.54,2.175,0.02,20.01,0.0,0.0,10.0,3276.7,50
6,14490,3290,1920523,3290,293373368206180,-3030,80,42101,42.281799,-83.747231,222.5,7.5599999,2.175,0.02,20.01,0.0,0.0,10.0,3276.7,78
6,14490,3290,1920523,3290,293373368306157,-3030,81,42100,42.281799,-83.747231,222.5,7.6199999,1.025,9.0000004E-2,20.01,0.0,-1.54,10.0,3276.7,47
6,14490,3290,1920523,3290,293373368405785,-3030,82,42300,42.281811,-83.747231,222.5,7.5,0.98750001,-5.9999999E-2,20.01,0.0,-2.0799999,10.0,3276.7,41
6,14490,3290,1920523,3290,293373368505782,-3030,83,42400,42.281818,-83.747231,222.5,7.48,1.4,-0.14,20.01,0.0,-1.12,10.0,3276.7,50
6,14490,3290,1920523,3290,293373368605783,-3030,84,42500,42.28183,-83.747231,222.5,7.5599999,2.1624999,-9.9999998E-3,20.01,0.0,1.05,10.0,3276.7,47
6,14490,3290,1920523,3290,293373368705784,-3030,85,42600,42.281841,-83.747231,222.5,7.6599998,1.6,0.17,20.01,0.0,0.81999999,10.0,3276.7,40
6,14490,3290,1920523,3290,293373368806006,-3030,86,42700,42.281849,-83.747231,222.5,7.5,2.1624999,-9.9999998E-3,20.01,0.0,1.65,10.0,3276.7,37
6,14490,3290,1920523,3290,293373368905771,-3030,87,42800,42.281849,-83.747223,222.5,7.5,1.9375,-7.9999998E-2,20.01,0.0,1.28,10.0,3276.7,39
6,14490,3290,1920523,3290,293373369005781,-3030,88,42900,42.28186,-83.747223,222.5,7.52,1.65,-7.9999998E-2,20.01,0.0,0.28,10.0,3276.7,66
6,14490,3290,1920523,3290,293373369105778,-3030,89,43000,42.28186,-83.747223,222.5,7.46,1.3875,-0.15000001,20.01,0.0,-0.75999999,10.0,3276.7,50
6,14490,3290,1920523,3290,293373369206048,-3030,90,43101,42.281872,-83.747223,222.5,7.4400001,1.3,-0.15000001,20.01,0.0,-0.75999999,10.0,3276.7,44
6,14490,3290,1920523,3290,293373369306158,-3030,91,43100,42.281872,-83.747223,222.60001,7.46,1.7875,-0.15000001,20.01,0.0,-0.34999999,10.0,3276.7,47
6,14490,3290,1920523,3290,293373369405786,-3030,92,43300,42.281879,-83.747223,222.60001,7.48,1.9,-9.0000004E-2,20.01,0.0,0.14,10.0,3276.7,76
6,14490,3290,1920523,3290,293373369505776,-3030,93,43400,42.281891,-83.747223,222.60001,7.7199998,1.2375,0.28999999,20.01,0.0,-0.93000001,10.0,3276.7,58
6,14490,3290,1920523,3290,293373369605792,-3030,94,43500,42.281898,-83.747223,222.60001,7.5999999,1.6,0.20999999,20.01,0.0,-0.56999999,10.0,3276.7,72
6,14490,3290,1920523,3290,293373369705791,-3030,95,43600,42.28191,-83.747223,222.60001,7.5999999,2.1875,0.16,20.01,0.0,0.85000002,10.0,3276.7,60
6,14490,3290,1920523,3290,293373369805784,-3030,96,43700,42.28191,-83.747223,222.60001,7.6799998,2.325,0.22,20.01,0.0,1.66,10.0,3276.7,40
6,14490,3290,1920523,3290,293373369905771,-3030,97,43800,42.281921,-83.747223,222.60001,7.6399999,2.125,0.15000001,20.01,0.0,1.35,10.0,3276.7,41
6,14490,3290,1920523,3290,293373370005786,-3030,98,43900,42.281929,-83.747223,222.60001,7.6799998,1.875,0.16,20.01,0.0,0.44,10.0,3276.7,60
6,14490,3290,1920523,3290,293373370105783,-3030,99,44000,42.281929,-83.747223,222.5,7.6999998,1.95,0.17,20.01,-0.02,5.9999999E-2,10.0,3276.7,89
6,14490,3290,1920523,3290,293373370206055,-3030,100,44101,42.28194,-83.747223,222.5,7.7199998,1.9625,0.17,20.01,-0.02,5.9999999E-2,10.0,3276.7,66
6,14490,3290,1920523,3290,293373370306160,-3030,101,44100,42.28194,-83.747223,222.5,7.6399999,1.725,5.0000001E-2,20.01,-3.9999999E-2,-0.57999998,10.0,3276.7,47
6,14490,3290,1920523,3290,293373370405758,-3030,102,44300,42.281952,-83.747223,222.5,7.54,2.0,-0.13,20.01,-3.9999999E-2,-0.23999999,10.0,3276.7,50
6,14490,3290,1920523,3290,293373370506326,-3030,103,44400,42.28196,-83.747223,222.5,7.5,2.1624999,-0.23,20.01,-0.02,0.28,10.0,3276.7,84
6,14490,3290,1920523,3290,293373370606324,-3030,104,44500,42.281971,-83.747223,222.5,7.3800001,2.075,-0.41999999,20.01,0.0,0.31,10.0,3276.7,94
6,14490,3290,1920523,3290,293373370705779,-3030,105,44600,42.281971,-83.747223,222.5,7.2600002,1.9625,-0.60000002,20.01,0.0,5.0000001E-2,10.0,3276.7,94
6,14490,3290,1920523,3290,293373370805764,-3030,106,44700,42.281979,-83.747223,222.39999,7.1399999,2.6875,-0.75,20.01,0.0,1.3099999,10.0,3276.7,49
6,14490,3290,1920523,3290,293373370905779,-3030,107,44800,42.28199,-83.747223,222.39999,6.98,1.725,-0.94999999,20.01,-0.02,-0.18000001,10.0,3276.7,92
6,14490,3290,1920523,3290,293373371005871,-3030,108,44900,42.28199,-83.747223,222.39999,6.98,1.7125,-0.88,20.01,0.0,-0.91000003,10.0,3276.7,56
6,14490,3290,1920523,3290,293373371106323,-3030,109,45000,42.282001,-83.747223,222.5,6.8400002,2.6375,-0.93000001,20.01,0.0,0.69999999,10.0,3276.7,98
6,14490,3290,1920523,3290,293373371206169,-3030,110,45100,42.282009,-83.747223,222.5,6.7399998,2.7,-0.93000001,20.01,0.0,0.69999999,10.0,3276.7,76
6,14490,3290,1920523,3290,293373371306155,-3030,111,45100,42.282009,-83.747223,222.39999,6.8200002,1.775,-0.85000002,20.01,0.0,-0.31,10.0,3276.7,90
6,14490,3290,1920523,3290,293373371405748,-3030,112,45300,42.282021,-83.747223,222.39999,6.52,2.1875,-1.13,20.01,0.0,3.9999999E-2,10.0,3276.7,90
6,14490,3290,1920523,3290,293373371506321,-3030,113,45400,42.282021,-83.747223,222.39999,6.54,2.6500001,-1.04,20.01,0.0,1.12,10.0,3276.7,66
6,14490,3290,1920523,3290,293373371606321,-3030,114,45500,42.282028,-83.747223,222.39999,6.3600001,2.0,-1.13,20.01,0.0,0.17,10.0,3276.7,88
6,14490,3290,1920523,3290,293373371706273,-3030,115,45600,42.282028,-83.747223,222.39999,6.2800002,2.6875,-1.09,20.01,0.0,0.99000001,10.0,1415.7,69
6,14490,3290,1920523,3290,293373371805743,-3030,116,45700,42.28204,-83.747223,222.39999,6.1599998,2.4000001,-1.11,20.01,0.0,0.66000003,10.0,1199.4,78
6,14490,3290,1920523,3290,293373371906315,-3030,117,45800,42.28204,-83.747223,222.39999,6.0,2.5999999,-1.1900001,20.01,0.0,0.75,10.0,1017.4,84
6,14490,3290,1920523,3290,293373372006330,-3030,118,45900,42.282051,-83.747223,222.39999,5.9400001,2.9000001,-1.13,20.01,0.0,1.22,10.0,838.90002,72
6,14490,3290,1920523,3290,293373372106318,-3030,119,46000,42.282051,-83.747223,222.39999,5.8600001,2.2125001,-1.04,20.01,0.0,-0.11,10.0,765.20001,76
6,14490,3290,1920523,3290,293373372206192,-3030,120,46100,42.282059,-83.747223,222.39999,5.7600002,2.2,-1.04,20.01,0.0,-0.11,10.0,745.09998,56
6,14490,3290,1920523,3290,293373372306182,-3030,121,46100,42.282059,-83.747223,222.39999,5.6999998,2.5,-1.11,20.01,0.0,-0.18000001,10.0,766.5,51
6,14490,3290,1920523,3290,293373372405752,-3030,122,46300,42.28207,-83.747223,222.3,5.48,2.0,-1.28,20.01,0.0,-1.17,10.0,908.40002,44
6,14490,3290,1920523,3290,293373372505745,-3030,123,46400,42.28207,-83.747223,222.3,5.3800001,2.625,-1.3200001,20.01,-0.02,-0.20999999,10.0,1141.0,58
6,14490,3290,1920523,3290,293373372606344,-3030,124,46500,42.282082,-83.747223,222.3,5.2399998,3.3,-1.3200001,20.01,-0.02,1.63,10.0,1171.9,48
6,14490,3290,1920523,3290,293373372705728,-3030,125,46600,42.282082,-83.747223,222.39999,5.0,2.4875,-1.51,20.01,0.0,0.62,10.0,1135.2,48
6,14490,3290,1920523,3290,293373372805743,-3030,126,46700,42.282089,-83.747223,222.39999,4.98,2.25,-1.38,20.01,0.0,-0.44,10.0,1220.1,98
6,14490,3290,1920523,3290,293373372906322,-3030,127,46800,42.282089,-83.747223,222.39999,4.7600002,2.5125,-1.4299999,20.01,0.0,-0.37,10.0,1438.4,78
6,14490,3290,1920523,3290,293373373006319,-3030,0,46900,42.282101,-83.747223,222.39999,4.6599998,2.4625001,-1.39,20.01,0.0,-0.36000001,10.0,3276.7,70
6,14490,3290,1920523,3290,293373373105831,-3030,1,47000,42.282101,-83.747223,222.39999,4.52,2.3499999,-1.38,20.01,0.0,-0.51999998,10.0,3276.7,66
6,14490,3290,1920523,3290,293373373206321,-3030,2,47100,42.282101,-83.747223,222.39999,4.3400002,2.2874999,-1.4400001,20.01,0.0,-0.61000001,10.0,3276.7,67
6,14490,3290,1920523,3290,293373373305740,-3030,3,47200,42.282108,-83.747208,222.39999,4.1999998,2.7625,-1.46,20.01,0.0,0.38999999,10.0,3276.7,86
6,14490,3290,1920523,3290,293373373405822,-3030,4,47300,42.282108,-83.747208,222.5,4.0999999,2.8625,-1.4,20.01,0.0,1.01,10.0,3276.7,48
6,14490,3290,1920523,3290,293373373505781,-3030,5,47400,42.28212,-83.747208,222.5,3.96,2.575,-1.38,20.01,0.0,0.55000001,10.0,3276.7,50
6,14490,3290,1920523,3290,293373373605826,-3030,6,47500,42.28212,-83.747208,222.5,3.6400001,2.425,-1.63,20.01,0.0,-0.07,10.0,3276.7,87
6,14490,3290,1920523,3290,293373373705767,-3030,7,47600,42.28212,-83.747208,222.5,3.4400001,3.1125,-1.79,20.01,0.0,0.97000003,10.0,3276.7,67
6,14490,3290,1920523,3290,293373373806317,-3030,8,47700,42.28212,-83.747208,222.5,3.22,2.625,-1.91,20.01,0.0,0.34999999,10.0,3276.7,88
6,14490,3290,1920523,3290,293373373905843,-3030,9,47800,42.282131,-83.747208,222.5,3.04,3.1500001,-1.9400001,20.01,0.0,0.98000002,10.0,1128.7,76
6,14490,3290,1920523,3290,293373374006314,-3030,10,47900,42.282131,-83.747208,222.5,2.8800001,2.05,-1.87,20.01,0.0,-1.01,10.0,1067.1,49
6,14490,3290,1920523,3290,293373374106320,-3030,11,48000,42.282131,-83.747208,222.5,2.6400001,2.75,-1.96,20.01,0.0,-0.46000001,10.0,1190.2,48
6,14490,3290,1920523,3290,293373374206322,-3030,12,48100,42.282139,-83.747208,222.5,2.4200001,1.3625,-2.0,20.01,0.0,-2.79,10.0,3276.7,36
6,14490,3290,1920523,3290,293373374306311,-3030,13,48200,42.282139,-83.747208,222.60001,2.1800001,2.8375001,-2.0799999,20.01,0.0,-0.52999997,10.0,-1358.5,46
6,14490,3290,1920523,3290,293373374405827,-3030,14,48300,42.282139,-83.747208,222.60001,2.0,2.45,-2.0599999,20.01,0.0,-3.9999999E-2,10.0,-740.09998,97
6,14490,3290,1920523,3290,293373374506249,-3030,15,48400,42.282139,-83.747208,222.60001,1.78,1.85,-2.0699999,20.01,0.0,-0.97000003,10.0,-471.29999,100
6,14490,3290,1920523,3290,293373374605756,-3030,16,48500,42.282139,-83.747208,222.60001,1.74,2.0875001,-1.84,20.01,0.0,-0.79000002,10.0,-340.39999,94
6,14490,3290,1920523,3290,293373374705827,-3030,17,48600,42.282139,-83.747208,222.60001,1.88,3.0999999,-1.25,20.01,0.0,1.4400001,10.0,-329.79999,41
6,14490,3290,1920523,3290,293373374806326,-3030,18,48700,42.282139,-83.747208,222.60001,1.74,1.5375,-1.08,20.01,0.0,-0.79000002,10.0,-305.0,67
6,14490,3290,1920523,3290,293373374905738,-3030,19,48800,42.28215,-83.747208,222.60001,1.72,2.1500001,-0.88,20.01,0.0,-0.55000001,10.0,-281.10001,94
6,14490,3290,1920523,3290,293373375005744,-3030,20,48900,42.28215,-83.747208,222.60001,1.84,1.85,-0.49000001,20.01,0.0,-0.88999999,10.0,-253.2,77
6,14490,3290,1920523,3290,293373375105828,-3030,21,49000,42.28215,-83.747208,222.60001,1.5,4.2874999,-0.77999997,20.01,0.0,3.8499999,10.0,-386.10001,34
6,14490,3290,1920523,3290,293373375206320,-3030,22,49100,42.28215,-83.747208,222.60001,1.76,2.75,-0.38,20.01,0.0,2.4400001,10.0,3276.7,34
6,14490,3290,1920523,3290,293373375305849,-3030,23,49200,42.28215,-83.747208,222.7,1.64,2.0,-0.33000001,20.01,0.0,-0.17,10.0,1025.0,76
6,14490,3290,1920523,3290,293373375405745,-3030,24,49300,42.28215,-83.747208,222.60001,1.5599999,0.1375,-0.41,20.01,0.0,-5.0799999,10.0,3276.7,26
6,14490,3290,1920523,3290,293373375505783,-3030,25,49400,42.28215,-83.747208,222.60001,1.58,3.4000001,-0.33000001,20.01,0.0,-0.15000001,10.0,3276.7,37
6,14490,3290,1920523,3290,293373375605819,-3030,26,49500,42.28215,-83.747208,222.60001,1.66,2.8875,-0.14,20.01,0.0,1.3099999,10.0,3276.7,91
6,14490,3290,1920523,3290,293373375705737,-3030,27,49600,42.282162,-83.747208,222.60001,1.66,1.4875,-5.9999999E-2,20.01,0.0,-0.94,10.0,-1222.2,86
6,14490,3290,1920523,3290,293373375805862,-3030,28,49700,42.282162,-83.747208,222.60001,1.62,3.5250001,-5.9999999E-2,20.01,0.0,2.0999999,10.0,3276.7,40
6,14490,3290,1920523,3290,293373375906333,-3030,29,49800,42.282162,-83.747208,222.60001,1.6,2.8499999,-7.9999998E-2,20.01,0.0,1.87,10.0,1221.3,38
6,14490,3290,1920523,3290,293373376006260,-3030,30,49900,42.282162,-83.747208,222.60001,1.74,2.1624999,0.12,20.01,0.0,5.9999999E-2,10.0,585.29999,58
6,14490,3290,1920523,3290,293373376106317,-3030,31,50000,42.282162,-83.747208,222.60001,1.64,2.575,2.9999999E-2,20.01,0.0,-3.9999999E-2,10.0,426.10001,90
6,14490,3290,1920523,3290,293373376206292,-3030,32,50100,42.282169,-83.747208,222.60001,1.74,1.1125,0.14,20.01,0.0,-2.9300001,10.0,565.5,35
6,14490,3290,1920523,3290,293373376306036,-3030,33,50200,42.282169,-83.747208,222.60001,1.64,4.9499998,0.02,20.01,0.0,3.7,10.0,386.39999,45
6,14490,3290,1920523,3290,293373376405784,-3030,34,50300,42.282169,-83.747208,222.7,1.6799999,1.5,9.9999998E-3,20.01,0.0,-0.49000001,10.0,335.70001,96
6,14490,3290,1920523,3290,293373376505777,-3030,35,50400,42.282169,-83.747208,222.7,1.8,3.2375,0.19,20.01,0.0,0.92000002,10.0,286.0,76
6,14490,3290,1920523,3290,293373376605795,-3030,36,50500,42.282169,-83.747208,222.7,1.66,5.5625,0.02,20.01,0.0,5.9899998,10.0,167.89999,27
6,14490,3290,1920523,3290,293373376705788,-3030,37,50600,42.282169,-83.747208,222.7,1.72,1.075,5.0000001E-2,20.01,0.0,-1.4299999,10.0,138.5,94
6,14490,3290,1920523,3290,293373376805774,-3030,38,50700,42.282169,-83.747208,222.7,1.74,2.7249999,9.0000004E-2,20.01,0.0,-1.6,10.0,134.5,37
6,14490,3290,1920523,3290,293373376905817,-3030,39,50800,42.282169,-83.747208,222.7,1.6799999,3.0,0.0,20.01,0.0,-0.83999997,10.0,142.0,36
6,14490,3290,1920523,3290,293373377005768,-3030,40,50900,42.282181,-83.747208,222.7,1.64,2.9000001,-9.0000004E-2,20.01,0.0,-0.47999999,10.0,158.3,40
6,14490,3290,1920523,3290,293373377105770,-3030,41,51000,42.282181,-83.747208,222.7,1.58,3.6875,-0.2,20.01,0.0,1.3099999,10.0,166.39999,88
6,14490,3290,1920523,3290,293373377206385,-3030,42,51100,42.282181,-83.747208,222.7,1.36,1.2875,-0.54000002,20.01,0.0,-2.74,10.0,229.39999,40
6,14490,3290,1920523,3290,293373377305797,-3030,43,51200,42.282181,-83.747208,222.7,1.3,2.6875,-0.67000002,20.01,0.0,-1.47,10.0,451.29999,44
6,14490,3290,1920523,3290,293373377406237,-3030,44,51300,42.282181,-83.747208,222.7,1.1,2.6875,-0.93000001,20.01,0.0,1.46,10.0,818.0,48
6,14490,3290,1920523,3290,293373377506014,-3030,45,51400,42.282181,-83.747208,222.7,1.1,2.6875,-0.88,20.01,0.0,9.6400003,10.0,179.2,6
6,14490,3290,1920523,3290,293373377605753,-3030,46,51500,42.282181,-83.747208,222.7,0.94,2.6875,-0.98000002,20.01,0.0,2.1199999,10.0,3276.7,0
6,14490,3290,1920523,3290,293373377705776,-3030,47,51600,42.282181,-83.747208,222.7,0.92000002,2.6875,-0.88,20.01,0.0,2.3599999,10.0,3276.7,0
6,14490,3290,1920523,3290,293373377805774,-3030,48,51700,42.282181,-83.747208,222.8,0.69999999,2.6875,-1.0599999,20.01,0.0,-5.96,10.0,3276.7,0
6,14490,3290,1920523,3290,293373377905828,-3030,49,51800,42.282181,-83.747208,222.8,0.60000002,2.6875,-1.11,20.01,0.0,-7.0,10.0,3276.7,0
6,14490,3290,1920523,3290,293373378005816,-3030,50,51900,42.282181,-83.747208,222.7,0.66000003,2.6875,-0.87,20.01,0.0,-6.9400001,10.0,3276.7,0
6,14490,3290,1920523,3290,293373378105782,-3030,51,52000,42.282188,-83.747208,222.7,0.47999999,2.6875,-0.91000003,20.01,0.0,-1.4,10.0,3276.7,0
6,14490,3290,1920523,3290,293373378206323,-3030,52,52100,42.282188,-83.7472,222.7,0.51999998,2.6875,-0.74000001,20.01,-0.02,9.4200001,10.0,3276.7,0
6,14490,3290,1920523,3290,293373378305777,-3030,53,52200,42.282188,-83.7472,222.60001,0.44,2.6875,-0.67000002,20.01,-3.9999999E-2,11.73,10.0,3276.7,0
6,14490,3290,1920523,3290,293373378405775,-3030,54,52300,42.282188,-83.7472,222.60001,0.47999999,2.6875,-0.49000001,20.01,-3.9999999E-2,0.95999998,10.0,3276.7,0
6,14490,3290,1920523,3290,293373378505772,-3030,55,52400,42.282188,-83.7472,222.5,0.54000002,2.6875,-0.25,20.01,-5.9999999E-2,-3.1400001,10.0,3276.7,0
6,14490,3290,1920523,3290,293373378605724,-3030,56,52500,42.282188,-83.7472,222.5,0.57999998,2.6875,-7.9999998E-2,20.01,-3.9999999E-2,2.29,10.0,3276.7,0
6,14490,3290,1920523,3290,293373378705815,-3030,57,52600,42.282188,-83.7472,222.39999,0.60000002,2.6875,9.9999998E-3,20.01,-5.9999999E-2,-5.98,10.0,3276.7,0
6,14490,3290,1920523,3290,293373378805866,-3030,58,52700,42.282188,-83.7472,222.39999,0.69999999,2.6875,0.20999999,20.01,-3.9999999E-2,-12.15,10.0,3276.7,0
6,14490,3290,1920523,3290,293373378905739,-3030,59,52800,42.282188,-83.7472,222.39999,0.63999999,2.6875,0.17,20.01,-0.02,-8.2399998,10.0,3276.7,0
6,14490,3290,1920523,3290,293373379006296,-3030,60,52900,42.2822,-83.7472,222.3,0.66000003,2.6875,0.16,20.01,-0.02,-1.77,10.0,3276.7,0
6,14490,3290,1920523,3290,293373379106291,-3030,61,53000,42.2822,-83.7472,222.3,0.83999997,2.6875,0.38999999,20.01,0.0,3.3699999,10.0,3276.7,0
6,14490,3290,1920523,3290,293373379206291,-3030,62,53100,42.2822,-83.7472,222.3,0.83999997,2.6875,0.43000001,20.01,0.0,7.1599998,10.0,3276.7,0
6,14490,3290,1920523,3290,293373379306307,-3030,63,53200,42.2822,-83.7472,222.2,1.1,2.6875,0.75999999,20.01,0.0,5.3400002,10.0,85.0,13
6,14490,3290,1920523,3290,293373379406371,-3030,64,53300,42.2822,-83.7472,222.2,1.38,2.075,1.1900001,20.01,0.0,0.97000003,10.0,59.799999,42
6,14490,3290,1920523,3290,293373379506296,-3030,65,53400,42.2822,-83.7472,222.2,1.58,3.7249999,1.47,20.01,0.0,1.85,10.0,48.099998,72
6,14490,3290,1920523,3290,293373379606236,-3030,66,53500,42.2822,-83.7472,222.10001,1.88,2.9124999,1.8,20.01,0.0,0.33000001,10.0,42.599998,36
6,14490,3290,1920523,3290,293373379706299,-3030,67,53600,42.2822,-83.7472,222.10001,2.04,3.625,1.88,20.01,0.0,0.91000003,10.0,39.900002,35
6,14490,3290,1920523,3290,293373379806300,-3030,68,53700,42.282211,-83.7472,222.0,2.3399999,3.2125001,2.0999999,20.01,0.0,0.20999999,10.0,39.200001,35
6,14490,3290,1920523,3290,293373379906319,-3030,69,53800,42.282211,-83.7472,222.0,2.5,3.9124999,2.1099999,20.01,0.0,1.1900001,10.0,39.5,44
6,14490,3290,1920523,3290,293373380006269,-3030,70,53900,42.282211,-83.7472,222.0,2.78,3.875,2.21,20.01,0.0,1.36,10.0,40.700001,74
6,14490,3290,1920523,3290,293373380106304,-3030,71,54000,42.282219,-83.7472,222.0,3.0,3.0,2.24,20.01,0.0,-0.51999998,10.0,43.5,46
6,14490,3290,1920523,3290,293373380206269,-3030,72,54100,42.282219,-83.7472,222.0,3.24,3.2125001,2.28,20.01,0.0,-0.93000001,10.0,48.099998,42
6,14490,3290,1920523,3290,293373380306311,-3030,73,54200,42.282219,-83.747192,222.0,3.46,4.0999999,2.27,20.01,0.0,0.75999999,10.0,54.200001,82
6,14490,3290,1920523,3290,293373380406305,-3030,74,54300,42.28223,-83.747192,222.0,3.6400001,3.9375,2.2,20.01,0.0,1.14,10.0,62.0,64
6,14490,3290,1920523,3290,293373380506284,-3030,75,54400,42.28223,-83.747192,222.0,3.8199999,3.575,2.1199999,20.01,0.0,0.40000001,10.0,72.599998,73
6,14490,3290,1920523,3290,293373380606323,-3030,76,54500,42.28223,-83.747192,222.0,4.0,2.7625,2.03,20.01,0.0,-1.62,10.0,89.5,48
6,14490,3290,1920523,3290,293373380706320,-3030,77,54600,42.28223,-83.747192,222.0,4.2199998,3.3375001,2.01,20.01,0.0,-1.1900001,10.0,117.0,44
6,14490,3290,1920523,3290,293373380806284,-3030,78,54700,42.282242,-83.747192,221.89999,4.48,3.5250001,2.0999999,20.01,0.0,-0.37,10.0,163.89999,62
6,14490,3290,1920523,3290,293373380906322,-3030,79,54800,42.282249,-83.747192,221.89999,4.6599998,3.9000001,2.0999999,20.01,0.0,0.81999999,10.0,247.5,64
6,14490,3290,1920523,3290,293373381006303,-3030,80,54900,42.282249,-83.747192,221.89999,4.8400002,4.8249998,2.04,20.01,0.0,3.0599999,10.0,379.89999,34
6,14490,3290,1920523,3290,293373381106305,-3030,81,55000,42.282249,-83.747192,221.89999,5.02,3.0,2.0,20.01,0.0,0.0,10.0,705.5,48
6,14490,3290,1920523,3290,293373381206306,-3030,82,55100,42.282261,-83.747192,221.89999,5.0599999,2.175,1.73,20.01,0.0,-3.0999999,10.0,3276.7,38
6,14490,3290,1920523,3290,293373381306319,-3030,83,55200,42.282261,-83.747192,221.89999,5.2800002,1.875,1.7,20.01,0.0,-4.6199999,10.0,-622.5,26
6,14490,3290,1920523,3290,293373381406299,-3030,84,55300,42.282269,-83.747192,221.89999,5.3600001,2.6500001,1.5599999,20.01,0.0,-2.96,10.0,-313.29999,30
6,14490,3290,1920523,3290,293373381506328,-3030,85,55400,42.282269,-83.747192,221.89999,5.48,3.9000001,1.4400001,20.01,0.0,0.86000001,10.0,-235.0,80
6,14490,3290,1920523,3290,293373381606323,-3030,86,55500,42.28228,-83.747192,221.89999,5.7199998,4.375,1.54,20.01,0.0,3.53,10.0,-217.89999,28
6,14490,3290,1920523,3290,293373381706317,-3030,87,55600,42.28228,-83.747192,221.89999,5.8200002,2.6500001,1.51,20.01,0.0,0.80000001,10.0,-216.7,32
6,14490,3290,1920523,3290,293373381806325,-3030,88,55700,42.282291,-83.747192,221.89999,6.04,1.2375,1.59,20.01,0.0,-3.47,10.0,-207.39999,50
6,14490,3290,1920523,3290,293373381906321,-3030,89,55800,42.282299,-83.747192,221.89999,6.1199999,0.94999999,1.49,20.01,0.0,-5.4699998,10.0,-186.60001,27
6,14490,3290,1920523,3290,293373382006321,-3030,90,55900,42.282299,-83.747192,221.89999,6.3200002,3.425,1.55,20.01,0.0,-0.55000001,10.0,-176.8,44
6,14490,3290,1920523,3290,293373382106322,-3030,91,56000,42.28231,-83.747177,221.89999,6.3600001,4.4749999,1.39,20.01,0.0,4.0300002,10.0,-187.89999,31

