6,4185,2312,134851,2312,276454215171700,26444,45,49000,42.281311,-83.743523,228.10001,0.69999999,273.91251,-1.1799999,20.01,0.0,3.6099999,6.0,3276.7,0
6,4185,2312,134851,2312,276454215271877,26444,46,49100,42.281311,-83.743523,228.10001,0.47999999,273.91251,-1.5700001,20.01,0.0,4.3299999,6.0,3276.7,0
6,4185,2312,134851,2312,276454215371690,26444,47,49200,42.281311,-83.743523,228.0,0.38,273.91251,-1.48,20.01,-0.14,5.73,6.0,3276.7,0
6,4185,2312,134851,2312,276454215471689,26444,48,49300,42.281311,-83.743523,228.0,0.31999999,273.91251,-1.1,20.01,-0.18000001,-0.15000001,6.0,3276.7,0
6,4185,2312,134851,2312,276454215571673,26444,49,49400,42.281311,-83.743523,228.0,0.18000001,273.91251,-1.05,20.01,-7.9999998E-2,-2.4400001,6.0,3276.7,0
6,4185,2312,134851,2312,276454215671714,26444,50,49500,42.281311,-83.743523,228.0,0.12,273.91251,-0.88999999,20.01,0.0,168.55,6.0,3276.7,0
6,4185,2312,134851,2312,276454215771707,26444,51,49600,42.281311,-83.743523,228.0,3.9999999E-2,273.91251,-0.76999998,20.01,0.0,220.19,6.0,3276.7,0
6,4185,2312,134851,2312,276454215871714,26444,52,49700,42.281311,-83.743523,228.0,0.02,273.91251,-0.50999999,20.01,0.0,202.74001,6.0,3276.7,0
6,4185,2312,134851,2312,276454215971707,26444,53,49800,42.281311,-83.743523,228.0,0.02,273.91251,-0.16,20.01,0.0,154.55,6.0,3276.7,0
6,4185,2312,134851,2312,276454216071703,26444,54,49900,42.281311,-83.743523,228.0,0.02,273.91251,2.9999999E-2,20.01,0.0,100.58,6.0,3276.7,0
6,4185,2312,134851,2312,276454216171696,26444,55,50000,42.281311,-83.743523,228.0,0.0,273.91251,2.9999999E-2,20.01,-0.02,54.27,6.0,3276.7,0
6,4185,2312,134851,2312,276454216271674,26444,56,50100,42.281311,-83.743523,228.0,0.02,273.91251,0.1,20.01,-3.9999999E-2,20.790001,6.0,3276.7,0
6,4185,2312,134851,2312,276454216371675,26444,57,50200,42.281311,-83.743523,228.0,0.02,273.91251,9.0000004E-2,20.01,-0.02,0.18000001,6.0,3276.7,0
6,4185,2312,134851,2312,276454216471669,26444,58,50300,42.281311,-83.743523,228.0,0.0,273.91251,-2.9999999E-2,20.01,0.0,-10.03,6.0,3276.7,0
6,4185,2312,134851,2312,276454216571676,26444,59,50400,42.281311,-83.743523,228.0,0.0,273.91251,-5.0000001E-2,20.01,0.0,-13.13,6.0,3276.7,0
6,4185,2312,134851,2312,276454216671678,26444,60,50500,42.281311,-83.743523,228.0,0.0,273.91251,-5.9999999E-2,20.01,0.0,-12.09,6.0,3276.7,0
6,4185,2312,134851,2312,276454216771673,26444,61,50600,42.281311,-83.743523,228.0,0.0,273.91251,0.0,20.01,0.0,-9.2200003,6.0,3276.7,0
6,4185,2312,134851,2312,276454216871645,26444,62,50700,42.281311,-83.743523,228.0,0.0,273.91251,-9.9999998E-3,20.01,0.0,-6.0,6.0,3276.7,0
6,4185,2312,134851,2312,276454216971827,26444,63,50800,42.281311,-83.743523,228.0,0.0,273.91251,-2.9999999E-2,20.01,0.0,-3.24,6.0,3276.7,0
6,4185,2312,134851,2312,276454217071675,26444,64,50900,42.281311,-83.743523,228.0,0.0,273.91251,-9.9999998E-3,20.01,0.0,-1.24,6.0,3276.7,0
6,4185,2312,134851,2312,276454217171669,26444,65,51000,42.281311,-83.743523,228.0,0.0,273.91251,0.0,20.01,0.0,-9.9999998E-3,6.0,3276.7,0
6,4185,2312,134851,2312,276454217271676,26444,66,51100,42.281311,-83.743523,228.0,0.02,273.91251,5.9999999E-2,20.01,0.0,0.58999997,6.0,3276.7,0
6,4185,2312,134851,2312,276454217371670,26444,67,51200,42.281311,-83.743523,228.0,0.0,273.91251,5.9999999E-2,20.01,0.0,0.77999997,6.0,3276.7,0
6,4185,2312,134851,2312,276454217471670,26444,68,51300,42.281311,-83.743523,228.0,0.0,273.91251,0.0,20.01,0.0,0.72000003,6.0,3276.7,0
6,4185,2312,134851,2312,276454217571671,26444,69,51400,42.281311,-83.743523,228.0,0.0,273.91251,-2.9999999E-2,20.01,0.0,0.55000001,6.0,3276.7,0
6,4185,2312,134851,2312,276454217671672,26444,70,51500,42.281311,-83.743523,228.0,0.0,273.91251,-9.9999998E-3,20.01,0.0,0.34999999,6.0,3276.7,0
6,4185,2312,134851,2312,276454217771672,26444,71,51600,42.281311,-83.743523,228.0,0.0,273.91251,-9.9999998E-3,20.01,0.0,0.19,6.0,3276.7,0
6,4185,2312,134851,2312,276454217871641,26444,72,51700,42.281311,-83.743523,228.0,0.0,273.91251,-2.9999999E-2,20.01,0.0,0.07,6.0,3276.7,0
6,4185,2312,134851,2312,276454217971644,26444,73,51800,42.281311,-83.743523,228.0,0.0,273.91251,0.02,20.01,0.0,0.0,6.0,3276.7,0
6,4185,2312,134851,2312,276454218071673,26444,74,51900,42.281311,-83.743523,228.0,0.0,273.91251,0.0,20.01,0.0,-2.9999999E-2,6.0,3276.7,0
6,4185,2312,134851,2312,276454218171666,26444,75,52000,42.281311,-83.743523,228.0,0.02,273.91251,5.0000001E-2,20.01,0.0,-3.9999999E-2,6.0,3276.7,0
6,4185,2312,134851,2312,276454218271668,26444,76,52100,42.281311,-83.743523,228.0,0.02,273.91251,7.9999998E-2,20.01,0.0,-3.9999999E-2,6.0,3276.7,0
6,4185,2312,134851,2312,276454218371670,26444,77,52200,42.281311,-83.743523,228.0,0.0,273.91251,0.0,20.01,0.0,-2.9999999E-2,6.0,3276.7,0
6,4185,2312,134851,2312,276454218471668,26444,78,52300,42.281311,-83.743523,228.0,0.0,273.91251,-0.02,20.01,0.0,-0.02,6.0,3276.7,0
6,4185,2312,134851,2312,276454218571669,26444,79,52400,42.281311,-83.743523,228.0,0.0,273.91251,-9.9999998E-3,20.01,0.0,-9.9999998E-3,6.0,3276.7,0
6,4185,2312,134851,2312,276454218671669,26444,80,52500,42.281311,-83.743523,228.0,0.02,273.91251,0.0,20.01,0.0,0.0,6.0,3276.7,0
6,4185,2312,134851,2312,276454218771672,26444,81,52600,42.281311,-83.743523,228.0,0.0,273.91251,-2.9999999E-2,20.01,0.0,0.0,6.0,3276.7,0
6,4185,2312,134851,2312,276454218871663,26444,82,52700,42.281311,-83.743523,228.0,0.0,273.91251,-5.9999999E-2,20.01,0.0,0.0,6.0,3276.7,0
6,4185,2312,134851,2312,276454218971638,26444,83,52800,42.281311,-83.743523,228.0,0.0,273.91251,-5.0000001E-2,20.01,0.0,0.0,6.0,3276.7,0
6,4185,2312,134851,2312,276454219071672,26444,84,52900,42.281311,-83.743523,228.0,0.0,273.91251,0.0,20.01,0.0,0.0,6.0,3276.7,0
6,4185,2312,134851,2312,276454219171670,26444,85,53000,42.281311,-83.743523,228.0,0.0,273.91251,0.02,20.01,0.0,0.0,6.0,3276.7,0
6,4185,2312,134851,2312,276454219271674,26444,86,53100,42.281311,-83.743523,228.0,0.02,273.91251,0.1,20.01,0.0,0.0,6.0,3276.7,0
6,4185,2312,134851,2312,276454219371668,26444,87,53200,42.281311,-83.743523,228.0,0.0,273.91251,0.0,20.01,0.0,0.0,6.0,3276.7,0
6,4185,2312,134851,2312,276454219471668,26444,88,53300,42.281311,-83.743523,228.0,0.0,273.91251,-2.9999999E-2,20.01,0.0,0.0,6.0,3276.7,0
6,4185,2312,134851,2312,276454219571665,26444,89,53400,42.281311,-83.743523,228.0,0.0,273.91251,-2.9999999E-2,20.01,0.0,0.0,6.0,3276.7,0
6,4185,2312,134851,2312,276454219671668,26444,90,53500,42.281311,-83.743523,228.0,0.0,273.91251,-9.9999998E-3,20.01,0.0,0.0,6.0,3276.7,0
6,4185,2312,134851,2312,276454219771663,26444,91,53600,42.281311,-83.743523,228.0,0.0,273.91251,0.02,20.01,0.0,0.0,6.0,3276.7,0
6,4185,2312,134851,2312,276454219871642,26444,92,53700,42.281311,-83.743523,228.0,0.0,273.91251,0.0,20.01,0.0,0.0,6.0,3276.7,0
6,4185,2312,134851,2312,276454219971665,26444,93,53800,42.281311,-83.743523,228.0,0.0,273.91251,9.9999998E-3,20.01,0.0,0.0,6.0,3276.7,0
6,4185,2312,134851,2312,276454220071677,26444,94,53900,42.281311,-83.743523,228.10001,0.02,273.91251,3.9999999E-2,20.01,0.0,0.0,6.0,3276.7,0
6,4185,2312,134851,2312,276454220171680,26444,95,54000,42.281311,-83.743523,228.10001,0.0,273.91251,-9.9999998E-3,20.01,0.0,0.0,6.0,3276.7,0
6,4185,2312,134851,2312,276454220271672,26444,96,54100,42.281311,-83.743523,228.10001,0.0,273.91251,0.0,20.01,0.0,0.0,6.0,3276.7,0
6,4185,2312,134851,2312,276454220371669,26444,97,54200,42.281311,-83.743523,228.10001,0.0,273.91251,-9.9999998E-3,20.01,-7.9999998E-2,0.0,6.0,3276.7,0
6,4185,2312,134851,2312,276454220471667,26444,98,54300,42.281311,-83.743523,228.10001,0.0,273.91251,0.0,20.01,-0.16,0.0,6.0,3276.7,0
6,4185,2312,134851,2312,276454220571675,26444,99,54400,42.281311,-83.743523,228.10001,0.0,273.91251,-3.9999999E-2,20.01,-0.14,0.0,6.0,3276.7,0
6,4185,2312,134851,2312,276454220671672,26444,100,54500,42.281311,-83.743523,228.10001,0.0,273.91251,0.0,20.01,-5.9999999E-2,0.0,6.0,3276.7,0
6,4185,2312,134851,2312,276454220771646,26444,101,54600,42.281311,-83.743523,228.10001,0.0,273.91251,-9.9999998E-3,20.01,0.0,0.0,6.0,3276.7,0
6,4185,2312,134851,2312,276454220871673,26444,102,54700,42.281311,-83.743523,228.10001,0.0,273.91251,9.9999998E-3,20.01,0.0,0.0,6.0,3276.7,0
6,4185,2312,134851,2312,276454220971671,26444,103,54800,42.281311,-83.743523,228.10001,0.0,273.91251,3.9999999E-2,20.01,0.0,0.0,6.0,3276.7,0
6,4185,2312,134851,2312,276454221071674,26444,104,54900,42.281311,-83.743523,228.10001,0.02,273.91251,5.0000001E-2,20.01,0.0,0.0,6.0,3276.7,0
6,4185,2312,134851,2312,276454221171669,26444,105,55000,42.281311,-83.743523,228.10001,0.02,273.91251,3.9999999E-2,20.01,0.0,0.0,6.0,3276.7,0
6,4185,2312,134851,2312,276454221271671,26444,106,55100,42.281311,-83.743523,228.10001,0.0,273.91251,-5.0000001E-2,20.01,0.0,0.0,6.0,3276.7,0
6,4185,2312,134851,2312,276454221371672,26444,107,55200,42.281311,-83.743523,228.10001,0.0,273.91251,-5.9999999E-2,20.01,0.0,0.0,6.0,3276.7,0
6,4185,2312,134851,2312,276454221471669,26444,108,55300,42.281311,-83.743523,228.10001,0.0,273.91251,-5.0000001E-2,20.01,0.0,0.0,6.0,3276.7,0
6,4185,2312,134851,2312,276454221571668,26444,109,55400,42.281311,-83.743523,228.10001,0.0,273.91251,0.0,20.01,0.0,0.0,6.0,3276.7,0
6,4185,2312,134851,2312,276454221671640,26444,110,55500,42.281311,-83.743523,228.10001,0.0,273.91251,9.9999998E-3,20.01,0.0,0.0,6.0,3276.7,0
6,4185,2312,134851,2312,276454221771650,26444,111,55600,42.281311,-83.743523,228.2,0.0,273.91251,0.0,20.01,0.0,0.0,6.0,3276.7,0
6,4185,2312,134851,2312,276454221871672,26444,112,55700,42.281311,-83.743523,228.2,0.0,273.91251,0.02,20.01,0.0,0.0,6.0,3276.7,0
6,4185,2312,134851,2312,276454221971666,26444,113,55800,42.281311,-83.743523,228.2,0.0,273.91251,2.9999999E-2,20.01,0.0,0.0,6.0,3276.7,0
6,4185,2312,134851,2312,276454222071672,26444,114,55900,42.281311,-83.743523,228.2,0.0,273.91251,9.9999998E-3,20.01,-7.9999998E-2,0.0,6.0,3276.7,0
6,4185,2312,134851,2312,276454222171663,26444,115,56000,42.281311,-83.743523,228.2,0.0,273.91251,-9.9999998E-3,20.01,-0.16,0.0,6.0,3276.7,0
6,4185,2312,134851,2312,276454222271670,26444,116,56100,42.281311,-83.743523,228.2,0.0,273.91251,-0.02,20.01,-0.14,0.0,6.0,3276.7,0
6,4185,2312,134851,2312,276454222371671,26444,117,56200,42.281311,-83.743523,228.2,0.0,273.91251,-9.9999998E-3,20.01,-5.9999999E-2,0.0,6.0,3276.7,0
6,4185,2312,134851,2312,276454222471668,26444,118,56300,42.281311,-83.743523,228.2,0.0,273.91251,-9.9999998E-3,20.01,0.0,0.0,6.0,3276.7,0
6,4185,2312,134851,2312,276454222571675,26444,119,56400,42.281311,-83.743523,228.2,0.0,273.91251,9.9999998E-3,20.01,0.0,0.0,6.0,3276.7,0
6,4185,2312,134851,2312,276454222671644,26444,120,56500,42.281311,-83.743523,228.2,0.0,273.91251,2.9999999E-2,20.01,0.0,0.0,6.0,3276.7,0
6,4185,2312,134851,2312,276454222771690,26444,121,56600,42.281311,-83.743523,228.2,0.0,273.91251,3.9999999E-2,20.01,0.0,0.0,6.0,3276.7,0
6,4185,2312,134851,2312,276454222871693,26444,122,56700,42.281311,-83.743523,228.2,0.0,273.91251,0.0,20.01,0.0,0.0,6.0,3276.7,0
6,4185,2312,134851,2312,276454222971694,26444,123,56800,42.281311,-83.743523,228.2,0.0,273.91251,-9.9999998E-3,20.01,0.0,0.0,6.0,3276.7,0
6,4185,2312,134851,2312,276454223071674,26444,124,56900,42.281311,-83.743523,228.2,0.0,273.91251,0.0,20.01,0.0,0.0,6.0,3276.7,0
6,4185,2312,134851,2312,276454223171672,26444,125,57000,42.281311,-83.743523,228.2,0.0,273.91251,-3.9999999E-2,20.01,0.0,0.0,6.0,3276.7,0
6,4185,2312,134851,2312,276454223271672,26444,126,57100,42.281311,-83.743523,228.3,0.0,273.91251,-0.02,20.01,0.0,0.0,6.0,3276.7,0
6,4185,2312,134851,2312,276454223371673,26444,127,57200,42.281311,-83.743523,228.3,0.0,273.91251,-9.9999998E-3,20.01,0.0,0.0,6.0,3276.7,0
6,4185,2312,134851,2312,276454223471693,26444,0,57300,42.281311,-83.743523,228.3,0.0,273.91251,0.02,20.01,0.0,0.0,6.0,3276.7,0
6,4185,2312,134851,2312,276454223571655,26444,1,57400,42.281311,-83.743523,228.3,0.0,273.91251,2.9999999E-2,20.01,-7.9999998E-2,0.0,6.0,3276.7,0
6,4185,2312,134851,2312,276454223671668,26444,2,57500,42.281311,-83.743523,228.3,0.0,273.91251,-9.9999998E-3,20.01,-0.14,0.0,6.0,3276.7,0
6,4185,2312,134851,2312,276454223771692,26444,3,57600,42.281311,-83.743523,228.3,0.0,273.91251,9.9999998E-3,20.01,-0.14,0.0,6.0,3276.7,0
6,4185,2312,134851,2312,276454223871689,26444,4,57700,42.281311,-83.743523,228.3,0.0,273.91251,-2.9999999E-2,20.01,-5.9999999E-2,0.0,6.0,3276.7,0
6,4185,2312,134851,2312,276454223971687,26444,5,57800,42.281311,-83.743523,228.3,0.0,273.91251,-9.9999998E-3,20.01,0.0,0.0,6.0,3276.7,0
6,4185,2312,134851,2312,276454224071694,26444,6,57900,42.281311,-83.743523,228.3,0.0,273.91251,0.0,20.01,0.0,0.0,6.0,3276.7,0
6,4185,2312,134851,2312,276454224171687,26444,7,58000,42.281311,-83.743523,228.3,0.0,273.91251,2.9999999E-2,20.01,0.0,0.0,6.0,3276.7,0
6,4185,2312,134851,2312,276454224271690,26444,8,58100,42.281311,-83.743523,228.3,0.0,273.91251,2.9999999E-2,20.01,0.0,0.0,6.0,3276.7,0
6,4185,2312,134851,2312,276454224371692,26444,9,58200,42.281311,-83.743523,228.3,0.0,273.91251,-0.02,20.01,0.0,0.0,6.0,3276.7,0
6,4185,2312,134851,2312,276454224471689,26444,10,58300,42.281311,-83.743523,228.3,0.0,273.91251,0.0,20.01,0.0,0.0,6.0,3276.7,0
6,4185,2312,134851,2312,276454224571665,26444,11,58400,42.281311,-83.743523,228.3,0.0,273.91251,0.0,20.01,0.0,0.0,6.0,3276.7,0
6,4185,2312,134851,2312,276454224671698,26444,12,58500,42.281311,-83.743523,228.3,0.0,273.91251,0.0,20.01,0.0,0.0,6.0,3276.7,0
6,4185,2312,134851,2312,276454224771692,26444,13,58600,42.281311,-83.743523,228.3,0.0,273.91251,0.0,20.01,0.0,0.0,6.0,3276.7,0
6,4185,2312,134851,2312,276454224871799,26444,14,58700,42.281311,-83.743523,228.3,0.0,273.91251,-2.9999999E-2,20.01,0.0,0.0,6.0,3276.7,0
6,4185,2312,134851,2312,276454224971844,26444,15,58800,42.281311,-83.743523,228.3,0.0,273.91251,-3.9999999E-2,20.01,0.0,0.0,6.0,3276.7,0
6,4185,2312,134851,2312,276454225071690,26444,16,58900,42.281311,-83.743523,228.3,0.0,273.91251,0.0,20.01,0.0,0.0,6.0,3276.7,0
6,4185,2312,134851,2312,276454225171698,26444,17,59000,42.281311,-83.743523,228.3,0.0,273.91251,0.0,20.01,0.0,0.0,6.0,3276.7,0
6,4185,2312,134851,2312,276454225271799,26444,18,59100,42.281311,-83.743523,228.3,0.0,273.91251,-9.9999998E-3,20.01,0.0,0.0,6.0,3276.7,0
6,4185,2312,134851,2312,276454225371770,26444,19,59200,42.281311,-83.743523,228.3,0.0,273.91251,0.0,20.01,0.0,0.0,6.0,3276.7,0
6,4185,2312,134851,2312,276454225471681,26444,20,59300,42.281311,-83.743523,228.3,0.0,273.91251,2.9999999E-2,20.01,0.0,0.0,6.0,3276.7,0
6,4185,2312,134851,2312,276454225571663,26444,21,59400,42.281311,-83.743523,228.3,0.0,273.91251,9.9999998E-3,20.01,0.0,0.0,6.0,3276.7,0
6,4185,2312,134851,2312,276454225671685,26444,22,59500,42.281311,-83.743523,228.3,0.0,273.91251,-0.02,20.01,0.0,0.0,6.0,3276.7,0
6,4185,2312,134851,2312,276454225771687,26444,23,59600,42.281311,-83.743523,228.3,0.0,273.91251,0.0,20.01,0.0,0.0,6.0,3276.7,0
6,4185,2312,134851,2312,276454225871680,26444,24,59700,42.281311,-83.743523,228.3,0.0,273.91251,-0.02,20.01,0.0,0.0,6.0,3276.7,0
6,4185,2312,134851,2312,276454225971668,26444,25,59800,42.281311,-83.743523,228.3,0.0,273.91251,9.9999998E-3,20.01,0.0,0.0,6.0,3276.7,0
6,4185,2312,134851,2312,276454226071694,26444,26,59900,42.281311,-83.743523,228.3,0.0,273.91251,0.0,20.01,0.0,0.0,6.0,3276.7,0
6,4185,2312,134851,2312,276454226171691,26444,27,0,42.281311,-83.743523,228.3,0.0,273.91251,-9.9999998E-3,20.01,0.0,0.0,6.0,3276.7,0
6,4185,2312,134851,2312,276454226271691,26444,28,100,42.281311,-83.743523,228.3,0.0,273.91251,9.9999998E-3,20.01,0.0,0.0,6.0,3276.7,0
6,4185,2312,134851,2312,276454226371689,26444,29,200,42.281311,-83.743523,228.39999,0.0,273.91251,9.9999998E-3,20.01,0.0,0.0,6.0,3276.7,0
6,4185,2312,134851,2312,276454226471659,26444,30,300,42.281311,-83.743523,228.39999,0.02,273.91251,5.0000001E-2,20.01,0.0,0.0,6.0,3276.7,0
6,4185,2312,134851,2312,276454226571677,26444,31,400,42.281311,-83.743523,228.39999,0.0,273.91251,3.9999999E-2,20.01,0.0,0.0,6.0,3276.7,0
6,4185,2312,134851,2312,276454226671679,26444,32,500,42.281311,-83.743523,228.39999,0.0,273.91251,0.02,20.01,-7.9999998E-2,0.0,6.0,3276.7,0
6,4185,2312,134851,2312,276454226771674,26444,33,600,42.281311,-83.743523,228.39999,0.0,273.91251,-3.9999999E-2,20.01,-0.16,0.0,6.0,3276.7,0
6,4185,2312,134851,2312,276454226871675,26444,34,700,42.281311,-83.743523,228.39999,0.02,273.91251,0.0,20.01,-0.14,0.0,6.0,3276.7,0
6,4185,2312,134851,2312,276454226971678,26444,35,800,42.281311,-83.743523,228.39999,0.0,273.91251,-2.9999999E-2,20.01,-5.9999999E-2,0.0,6.0,3276.7,0
6,4185,2312,134851,2312,276454227071744,26444,36,900,42.281311,-83.743523,228.39999,0.0,273.91251,-0.02,20.01,0.0,0.0,6.0,3276.7,0
6,4185,2312,134851,2312,276454227171709,26444,37,1000,42.281311,-83.743523,228.39999,0.0,273.91251,0.0,20.01,0.0,0.0,6.0,3276.7,0
6,4185,2312,134851,2312,276454227271672,26444,38,1100,42.281311,-83.743523,228.39999,0.0,273.91251,9.9999998E-3,20.01,0.0,0.0,6.0,3276.7,0
6,4185,2312,134851,2312,276454227371681,26444,39,1200,42.281311,-83.743523,228.39999,0.0,273.91251,-0.02,20.01,0.0,0.0,6.0,3276.7,0
6,4185,2312,134851,2312,276454227471639,26444,40,1300,42.281311,-83.743523,228.39999,0.0,273.91251,-0.02,20.01,0.0,0.0,6.0,3276.7,0
6,4185,2312,134851,2312,276454227571643,26444,41,1400,42.281311,-83.743523,228.39999,0.0,273.91251,-9.9999998E-3,20.01,0.0,0.0,6.0,3276.7,0
6,4185,2312,134851,2312,276454227671674,26444,42,1500,42.281311,-83.743523,228.39999,0.0,273.91251,0.0,20.01,0.0,0.0,6.0,3276.7,0
6,4185,2312,134851,2312,276454227771675,26444,43,1600,42.281311,-83.743523,228.39999,0.0,273.91251,0.0,20.01,0.0,0.0,6.0,3276.7,0
6,4185,2312,134851,2312,276454227871670,26444,44,1700,42.281311,-83.743523,228.39999,0.0,273.91251,5.0000001E-2,20.01,0.0,0.0,6.0,3276.7,0
6,4185,2312,134851,2312,276454227971676,26444,45,1800,42.281311,-83.743523,228.39999,0.0,273.91251,3.9999999E-2,20.01,0.0,0.0,6.0,3276.7,0
6,4185,2312,134851,2312,276454228071676,26444,46,1900,42.281311,-83.743523,228.39999,0.0,273.91251,0.0,20.01,0.0,0.0,6.0,3276.7,0
6,4185,2312,134851,2312,276454228171669,26444,47,2000,42.281311,-83.743523,228.39999,0.0,273.91251,-0.02,20.01,0.0,0.0,6.0,3276.7,0
6,4185,2312,134851,2312,276454228271671,26444,48,2100,42.281311,-83.743523,228.39999,0.0,273.91251,-3.9999999E-2,20.01,0.0,0.0,6.0,3276.7,0
6,4185,2312,134851,2312,276454228371670,26444,49,2200,42.281311,-83.743523,228.39999,0.0,273.91251,9.9999998E-3,20.01,0.0,0.0,6.0,3276.7,0
6,4185,2312,134851,2312,276454228471664,26444,50,2300,42.281311,-83.743523,228.39999,0.0,273.91251,0.02,20.01,0.0,0.0,6.0,3276.7,0
6,4185,2312,134851,2312,276454228571639,26444,51,2400,42.281311,-83.743523,228.39999,0.0,273.91251,0.0,20.01,0.0,0.0,6.0,3276.7,0
6,4185,2312,134851,2312,276454228671678,26444,52,2500,42.281311,-83.743523,228.39999,0.0,273.91251,0.0,20.01,0.0,0.0,6.0,3276.7,0
6,4185,2312,134851,2312,276454228771670,26444,53,2600,42.281311,-83.743523,228.39999,0.0,273.91251,-9.9999998E-3,20.01,0.0,0.0,6.0,3276.7,0
6,4185,2312,134851,2312,276454228871671,26444,54,2700,42.281311,-83.743523,228.39999,0.0,273.91251,0.0,20.01,0.0,0.0,6.0,3276.7,0
6,4185,2312,134851,2312,276454228971665,26444,55,2800,42.281311,-83.743523,228.3,0.0,273.91251,0.0,20.01,-0.14,0.0,6.0,3276.7,0
6,4185,2312,134851,2312,276454229071671,26444,56,2900,42.281311,-83.743523,228.3,0.0,273.91251,-0.02,20.01,-0.16,0.0,6.0,3276.7,0
6,4185,2312,134851,2312,276454229171666,26444,57,3000,42.281311,-83.743523,228.3,0.0,273.91251,-9.9999998E-3,20.01,-3.9999999E-2,0.0,6.0,3276.7,0
6,4185,2312,134851,2312,276454229271678,26444,58,3100,42.281311,-83.743523,228.3,0.0,273.91251,2.9999999E-2,20.01,0.0,0.0,6.0,3276.7,0
6,4185,2312,134851,2312,276454229371674,26444,59,3200,42.281311,-83.743523,228.3,0.0,273.91251,0.0,20.01,0.0,0.0,6.0,3276.7,0
6,4185,2312,134851,2312,276454229471649,26444,60,3300,42.281311,-83.743523,228.3,0.0,273.91251,9.9999998E-3,20.01,0.0,0.0,6.0,3276.7,0
6,4185,2312,134851,2312,276454229571680,26444,61,3400,42.281311,-83.743523,228.3,0.0,273.91251,9.9999998E-3,20.01,0.0,0.0,6.0,3276.7,0
6,4185,2312,134851,2312,276454229671674,26444,62,3500,42.281311,-83.743523,228.3,0.0,273.91251,-0.02,20.01,0.0,0.0,6.0,3276.7,0
6,4185,2312,134851,2312,276454229771670,26444,63,3600,42.281311,-83.743523,228.3,0.0,273.91251,-9.9999998E-3,20.01,-0.02,0.0,6.0,3276.7,0
6,4185,2312,134851,2312,276454229871672,26444,64,3700,42.281311,-83.743523,228.3,0.0,273.91251,0.0,20.01,-3.9999999E-2,0.0,6.0,3276.7,0
6,4185,2312,134851,2312,276454229971673,26444,65,3800,42.281311,-83.743523,228.3,0.0,273.91251,0.0,20.01,-0.02,0.0,6.0,3276.7,0
6,4185,2312,134851,2312,276454230071676,26444,66,3900,42.281311,-83.743523,228.3,0.0,273.91251,0.0,20.01,0.0,0.0,6.0,3276.7,0
6,4185,2312,134851,2312,276454230171685,26444,67,4000,42.281311,-83.743523,228.3,0.0,273.91251,-9.9999998E-3,20.01,0.0,0.0,6.0,3276.7,0
6,4185,2312,134851,2312,276454230271673,26444,68,4100,42.281311,-83.743523,228.3,0.0,273.91251,9.9999998E-3,20.01,0.0,0.0,6.0,3276.7,0
6,4185,2312,134851,2312,276454230371642,26444,69,4200,42.281311,-83.743523,228.3,0.0,273.91251,0.0,20.01,0.0,0.0,6.0,3276.7,0
6,4185,2312,134851,2312,276454230471667,26444,70,4300,42.281311,-83.743523,228.3,0.0,273.91251,0.0,20.01,0.0,0.0,6.0,3276.7,0
6,4185,2312,134851,2312,276454230571817,26444,71,4400,42.281311,-83.743523,228.3,0.0,273.91251,0.0,20.01,0.0,0.0,6.0,3276.7,0
6,4185,2312,134851,2312,276454230671819,26444,72,4500,42.281311,-83.743523,228.3,0.0,273.91251,-9.9999998E-3,20.01,0.0,0.0,6.0,3276.7,0
6,4185,2312,134851,2312,276454230771780,26444,73,4600,42.281311,-83.743523,228.3,0.0,273.91251,-9.9999998E-3,20.01,0.0,0.0,6.0,3276.7,0
6,4185,2312,134851,2312,276454230871670,26444,74,4700,42.281311,-83.743523,228.3,0.0,273.91251,-9.9999998E-3,20.01,0.0,0.0,6.0,3276.7,0
6,4185,2312,134851,2312,276454230971786,26444,75,4800,42.281311,-83.743523,228.2,0.0,273.91251,0.0,20.01,-0.14,0.0,6.0,3276.7,0
6,4185,2312,134851,2312,276454231071747,26444,76,4900,42.281311,-83.743523,228.2,0.02,273.91251,7.9999998E-2,20.01,-0.16,0.0,6.0,3276.7,0
6,4185,2312,134851,2312,276454231171711,26444,77,5000,42.281311,-83.743523,228.2,0.0,273.91251,3.9999999E-2,20.01,-3.9999999E-2,0.0,6.0,3276.7,0
6,4185,2312,134851,2312,276454231271805,26444,78,5100,42.281311,-83.743523,228.2,0.0,273.91251,0.0,20.01,0.0,0.0,6.0,3276.7,0
6,4185,2312,134851,2312,276454231371789,26444,79,5200,42.281311,-83.743523,228.2,0.0,273.91251,-5.0000001E-2,20.01,0.0,0.0,6.0,3276.7,0
6,4185,2312,134851,2312,276454231471795,26444,80,5300,42.281311,-83.743523,228.2,0.0,273.91251,-0.02,20.01,0.0,0.0,6.0,3276.7,0
6,4185,2312,134851,2312,276454231571787,26444,81,5400,42.281311,-83.743523,228.2,0.0,273.91251,9.9999998E-3,20.01,0.0,0.0,6.0,3276.7,0
6,4185,2312,134851,2312,276454231671780,26444,82,5500,42.281311,-83.743523,228.2,0.0,273.91251,-9.9999998E-3,20.01,0.0,0.0,6.0,3276.7,0
6,4185,2312,134851,2312,276454231771783,26444,83,5600,42.281311,-83.743523,228.2,0.0,273.91251,-9.9999998E-3,20.01,-0.02,0.0,6.0,3276.7,0
6,4185,2312,134851,2312,276454231871675,26444,84,5700,42.281311,-83.743523,228.2,0.0,273.91251,0.0,20.01,-3.9999999E-2,0.0,6.0,3276.7,0
6,4185,2312,134851,2312,276454231971800,26444,85,5800,42.281311,-83.743523,228.2,0.0,273.91251,0.0,20.01,-0.02,0.0,6.0,3276.7,0
6,4185,2312,134851,2312,276454232071752,26444,86,5900,42.281311,-83.743523,228.2,0.0,273.91251,-9.9999998E-3,20.01,0.0,0.0,6.0,3276.7,0
6,4185,2312,134851,2312,276454232171668,26444,87,6000,42.281311,-83.743523,228.2,0.0,273.91251,-0.02,20.01,0.0,0.0,6.0,3276.7,0
6,4185,2312,134851,2312,276454232271787,26444,88,6100,42.281311,-83.743523,228.2,0.0,273.91251,0.02,20.01,0.0,0.0,6.0,3276.7,0
6,4185,2312,134851,2312,276454232371787,26444,89,6200,42.281311,-83.743523,228.10001,0.0,273.91251,0.02,20.01,-0.14,0.0,6.0,3276.7,0
6,4185,2312,134851,2312,276454232471784,26444,90,6300,42.281311,-83.743523,228.10001,0.0,273.91251,0.02,20.01,-0.16,0.0,6.0,3276.7,0
6,4185,2312,134851,2312,276454232571786,26444,91,6400,42.281311,-83.743523,228.10001,0.0,273.91251,0.02,20.01,-3.9999999E-2,0.0,6.0,3276.7,0
6,4185,2312,134851,2312,276454232671804,26444,92,6500,42.281311,-83.743523,228.10001,0.0,273.91251,0.0,20.01,0.0,0.0,6.0,3276.7,0
6,4185,2312,134851,2312,276454232771797,26444,93,6600,42.281311,-83.743523,228.10001,0.02,273.91251,0.02,20.01,0.0,0.0,6.0,3276.7,0
6,4185,2312,134851,2312,276454232871800,26444,94,6700,42.281311,-83.743523,228.10001,0.0,273.91251,-9.9999998E-3,20.01,0.0,0.0,6.0,3276.7,0
6,4185,2312,134851,2312,276454232971835,26444,95,6800,42.281311,-83.743523,228.10001,0.0,273.91251,-5.0000001E-2,20.01,0.0,0.0,6.0,3276.7,0
6,4185,2312,134851,2312,276454233071676,26444,96,6900,42.281311,-83.743523,228.10001,0.0,273.91251,-5.0000001E-2,20.01,0.0,0.0,6.0,3276.7,0
6,4185,2312,134851,2312,276454233171676,26444,97,7000,42.281311,-83.743523,228.10001,0.0,273.91251,0.0,20.01,-0.02,0.0,6.0,3276.7,0
6,4185,2312,134851,2312,276454233271781,26444,98,7100,42.281311,-83.743523,228.10001,0.02,273.91251,0.1,20.01,-3.9999999E-2,0.0,6.0,3276.7,0
6,4185,2312,134851,2312,276454233371754,26444,99,7200,42.281311,-83.743523,228.10001,0.02,273.91251,0.07,20.01,-0.02,0.0,6.0,3276.7,0
6,4185,2312,134851,2312,276454233471772,26444,100,7300,42.281311,-83.743523,228.10001,0.0,273.91251,0.0,20.01,0.0,0.0,6.0,3276.7,0
6,4185,2312,134851,2312,276454233571674,26444,101,7400,42.281311,-83.743523,228.10001,0.0,273.91251,-3.9999999E-2,20.01,0.0,0.0,6.0,3276.7,0
6,4185,2312,134851,2312,276454233671673,26444,102,7500,42.281311,-83.743523,228.10001,0.02,273.91251,0.0,20.01,0.0,0.0,6.0,3276.7,0
6,4185,2312,134851,2312,276454233771774,26444,103,7600,42.281311,-83.743523,228.10001,0.02,273.91251,0.0,20.01,0.0,0.0,6.0,3276.7,0
6,4185,2312,134851,2312,276454233871693,26444,104,7700,42.281311,-83.743523,228.10001,0.0,273.91251,-3.9999999E-2,20.01,0.0,0.0,6.0,3276.7,0
6,4185,2312,134851,2312,276454233971725,26444,105,7800,42.281311,-83.743523,228.10001,0.0,273.91251,-9.9999998E-3,20.01,0.0,0.0,6.0,3276.7,0
6,4185,2312,134851,2312,276454234071670,26444,106,7900,42.281311,-83.743523,228.10001,0.02,273.91251,0.02,20.01,0.0,0.0,6.0,3276.7,0
6,4185,2312,134851,2312,276454234171666,26444,107,8000,42.281311,-83.743523,228.10001,0.0,273.91251,0.0,20.01,0.0,0.0,6.0,3276.7,0
6,4185,2312,134851,2312,276454234271740,26444,108,8100,42.281311,-83.743523,228.0,0.0,273.91251,-0.02,20.01,-0.14,0.0,6.0,3276.7,0
6,4185,2312,134851,2312,276454234371668,26444,109,8200,42.281311,-83.743523,228.0,0.02,273.91251,2.9999999E-2,20.01,-0.16,0.0,6.0,3276.7,0
6,4185,2312,134851,2312,276454234471765,26444,110,8300,42.281311,-83.743523,228.0,0.0,273.91251,0.0,20.01,-3.9999999E-2,0.0,6.0,3276.7,0
6,4185,2312,134851,2312,276454234571689,26444,111,8400,42.281311,-83.743523,228.0,0.0,273.91251,-3.9999999E-2,20.01,0.0,0.0,6.0,3276.7,0
6,4185,2312,134851,2312,276454234671693,26444,112,8500,42.281311,-83.743523,228.0,0.0,273.91251,-3.9999999E-2,20.01,0.0,0.0,6.0,3276.7,0
6,4185,2312,134851,2312,276454234771687,26444,113,8600,42.281311,-83.743523,228.0,0.0,273.91251,-9.9999998E-3,20.01,0.0,0.0,6.0,3276.7,0
6,4185,2312,134851,2312,276454234871687,26444,114,8700,42.281311,-83.743523,228.0,0.0,273.91251,2.9999999E-2,20.01,0.0,0.0,6.0,3276.7,0
6,4185,2312,134851,2312,276454234971688,26444,115,8800,42.281311,-83.743523,228.0,0.0,273.91251,3.9999999E-2,20.01,0.0,0.0,6.0,3276.7,0
6,4185,2312,134851,2312,276454235071733,26444,116,8900,42.281311,-83.743523,228.0,0.0,273.91251,2.9999999E-2,20.01,-0.02,0.0,6.0,3276.7,0
6,4185,2312,134851,2312,276454235171647,26444,117,9000,42.281311,-83.743523,228.0,0.0,273.91251,0.02,20.01,-3.9999999E-2,0.0,6.0,3276.7,0
6,4185,2312,134851,2312,276454235271689,26444,118,9100,42.281311,-83.743523,228.0,0.0,273.91251,0.0,20.01,-0.02,0.0,6.0,3276.7,0
6,4185,2312,134851,2312,276454235371766,26444,119,9200,42.281311,-83.743523,228.0,0.0,273.91251,-5.0000001E-2,20.01,0.0,0.0,6.0,3276.7,0
6,4185,2312,134851,2312,276454235471689,26444,120,9300,42.281311,-83.743523,228.0,0.0,273.91251,-9.9999998E-3,20.01,0.0,0.0,6.0,3276.7,0
6,4185,2312,134851,2312,276454235571685,26444,121,9400,42.281311,-83.743523,228.0,0.02,273.91251,3.9999999E-2,20.01,0.0,0.0,6.0,3276.7,0
6,4185,2312,134851,2312,276454235671686,26444,122,9500,42.281311,-83.743523,228.0,0.02,273.91251,2.9999999E-2,20.01,0.0,0.0,6.0,3276.7,0
6,4185,2312,134851,2312,276454235771772,26444,123,9600,42.281311,-83.743523,227.89999,0.0,273.91251,0.0,20.01,-0.14,0.0,6.0,3276.7,0
6,4185,2312,134851,2312,276454235871683,26444,124,9700,42.281311,-83.743523,227.89999,0.0,273.91251,-5.0000001E-2,20.01,-0.16,0.0,6.0,3276.7,0
6,4185,2312,134851,2312,276454235971692,26444,125,9800,42.281311,-83.743523,227.89999,0.0,273.91251,-5.9999999E-2,20.01,-3.9999999E-2,0.0,6.0,3276.7,0
6,4185,2312,134851,2312,276454236071664,26444,126,9900,42.281311,-83.743523,227.89999,0.0,273.91251,-5.0000001E-2,20.01,0.0,0.0,6.0,3276.7,0
6,4185,2312,134851,2312,276454236171658,26444,127,10000,42.281311,-83.743523,227.89999,0.0,273.91251,-0.02,20.01,0.0,0.0,6.0,3276.7,0
6,4185,2312,134851,2312,276454236271686,26444,0,10100,42.281311,-83.743523,227.89999,0.0,273.91251,2.9999999E-2,20.01,0.0,0.0,6.0,3276.7,0
6,4185,2312,134851,2312,276454236371686,26444,1,10200,42.281311,-83.743523,227.89999,0.0,273.91251,5.0000001E-2,20.01,0.0,0.0,6.0,3276.7,0
6,4185,2312,134851,2312,276454236471683,26444,2,10300,42.281311,-83.743523,227.89999,0.02,273.91251,0.07,20.01,0.0,0.0,6.0,3276.7,0
6,4185,2312,134851,2312,276454236571764,26444,3,10400,42.281311,-83.743523,227.89999,0.02,273.91251,3.9999999E-2,20.01,-0.02,0.0,6.0,3276.7,0
6,4185,2312,134851,2312,276454236671799,26444,4,10500,42.281311,-83.743523,227.89999,0.0,273.91251,0.0,20.01,-3.9999999E-2,0.0,6.0,3276.7,0
6,4185,2312,134851,2312,276454236771838,26444,5,10600,42.281311,-83.743523,227.8,0.0,273.91251,-3.9999999E-2,20.01,-0.18000001,0.0,6.0,3276.7,0
6,4185,2312,134851,2312,276454236871800,26444,6,10700,42.281311,-83.743523,227.8,0.0,273.91251,-2.9999999E-2,20.01,-0.18000001,0.0,6.0,3276.7,0
6,4185,2312,134851,2312,276454236971713,26444,7,10800,42.281311,-83.743523,227.8,0.0,273.91251,-2.9999999E-2,20.01,-3.9999999E-2,0.0,6.0,3276.7,0
6,4185,2312,134851,2312,276454237071737,26444,8,10900,42.281311,-83.743523,227.8,0.0,273.91251,-9.9999998E-3,20.01,0.0,0.0,6.0,3276.7,0
6,4185,2312,134851,2312,276454237171691,26444,9,11000,42.281311,-83.743523,227.8,0.0,273.91251,0.0,20.01,0.0,0.0,6.0,3276.7,0
6,4185,2312,134851,2312,276454237271765,26444,10,11100,42.281311,-83.743523,227.8,0.0,273.91251,0.02,20.01,0.0,0.0,6.0,3276.7,0
6,4185,2312,134851,2312,276454237371800,26444,11,11200,42.281311,-83.743523,227.8,0.0,273.91251,-9.9999998E-3,20.01,0.0,0.0,6.0,3276.7,0
6,4185,2312,134851,2312,276454237471802,26444,12,11300,42.281311,-83.743523,227.8,0.0,273.91251,2.9999999E-2,20.01,0.0,0.0,6.0,3276.7,0
6,4185,2312,134851,2312,276454237571761,26444,13,11400,42.281311,-83.743523,227.8,0.02,273.91251,5.0000001E-2,20.01,-0.02,0.0,6.0,3276.7,0
6,4185,2312,134851,2312,276454237671825,26444,14,11500,42.281311,-83.743523,227.8,0.0,273.91251,-9.9999998E-3,20.01,-3.9999999E-2,0.0,6.0,3276.7,0
6,4185,2312,134851,2312,276454237771793,26444,15,11600,42.281311,-83.743523,227.7,0.0,273.91251,-2.9999999E-2,20.01,-0.18000001,0.0,6.0,3276.7,0
6,4185,2312,134851,2312,276454237871820,26444,16,11700,42.281311,-83.743523,227.7,0.0,273.91251,-9.9999998E-3,20.01,-0.18000001,0.0,6.0,3276.7,0
6,4185,2312,134851,2312,276454237971635,26444,17,11800,42.281311,-83.743523,227.7,0.02,273.91251,2.9999999E-2,20.01,-3.9999999E-2,0.0,6.0,3276.7,0
6,4185,2312,134851,2312,276454238071736,26444,18,11900,42.281311,-83.743523,227.7,0.0,273.91251,0.0,20.01,0.0,0.0,6.0,3276.7,0
6,4185,2312,134851,2312,276454238171683,26444,19,12000,42.281311,-83.743523,227.7,0.0,273.91251,-9.9999998E-3,20.01,0.0,0.0,6.0,3276.7,0
6,4185,2312,134851,2312,276454238271835,26444,20,12100,42.281311,-83.743523,227.7,0.0,273.91251,-0.02,20.01,0.0,0.0,6.0,3276.7,0
6,4185,2312,134851,2312,276454238371789,26444,21,12200,42.281311,-83.743523,227.7,0.0,273.91251,-3.9999999E-2,20.01,0.0,0.0,6.0,3276.7,0
6,4185,2312,134851,2312,276454238471753,26444,22,12300,42.281311,-83.743523,227.7,0.0,273.91251,-9.9999998E-3,20.01,0.0,0.0,6.0,3276.7,0
6,4185,2312,134851,2312,276454238571790,26444,23,12400,42.281311,-83.743523,227.7,0.0,273.91251,-9.9999998E-3,20.01,-0.02,0.0,6.0,3276.7,0
6,4185,2312,134851,2312,276454238671786,26444,24,12500,42.281311,-83.743523,227.60001,0.0,273.91251,9.9999998E-3,20.01,-0.2,0.0,6.0,3276.7,0
6,4185,2312,134851,2312,276454238771822,26444,25,12600,42.281311,-83.743523,227.60001,0.0,273.91251,9.9999998E-3,20.01,-0.2,0.0,6.0,3276.7,0
6,4185,2312,134851,2312,276454238871755,26444,26,12700,42.281311,-83.743523,227.60001,0.0,273.91251,9.9999998E-3,20.01,-5.9999999E-2,0.0,6.0,3276.7,0
6,4185,2312,134851,2312,276454238971645,26444,27,12800,42.281311,-83.743523,227.60001,0.0,273.91251,-9.9999998E-3,20.01,0.0,0.0,6.0,3276.7,0
6,4185,2312,134851,2312,276454239071647,26444,28,12900,42.281311,-83.743523,227.60001,0.0,273.91251,-9.9999998E-3,20.01,0.0,0.0,6.0,3276.7,0
6,4185,2312,134851,2312,276454239171677,26444,29,13000,42.281311,-83.743523,227.60001,0.0,273.91251,0.0,20.01,0.0,0.0,6.0,3276.7,0
6,4185,2312,134851,2312,276454239271751,26444,30,13100,42.281311,-83.743523,227.60001,0.02,273.91251,7.9999998E-2,20.01,0.0,0.0,6.0,3276.7,0
6,4185,2312,134851,2312,276454239371710,26444,31,13200,42.281311,-83.743523,227.60001,0.0,273.91251,2.9999999E-2,20.01,0.0,0.0,6.0,3276.7,0
6,4185,2312,134851,2312,276454239471815,26444,32,13300,42.281311,-83.743523,227.60001,0.0,273.91251,-0.02,20.01,-0.02,0.0,6.0,3276.7,0
6,4185,2312,134851,2312,276454239571783,26444,33,13400,42.281311,-83.743523,227.60001,0.02,273.91251,0.0,20.01,-3.9999999E-2,0.0,6.0,3276.7,0
6,4185,2312,134851,2312,276454239671794,26444,34,13500,42.281311,-83.743523,227.60001,0.02,273.91251,5.9999999E-2,20.01,-0.02,0.0,6.0,3276.7,0
6,4185,2312,134851,2312,276454239771786,26444,35,13600,42.281311,-83.743523,227.5,0.02,273.91251,3.9999999E-2,20.01,-0.16,0.0,6.0,3276.7,0
6,4185,2312,134851,2312,276454239871817,26444,36,13700,42.281311,-83.743523,227.5,0.0,273.91251,-3.9999999E-2,20.01,-0.16,0.0,6.0,3276.7,0
6,4185,2312,134851,2312,276454239971784,26444,37,13800,42.281311,-83.743523,227.5,0.0,273.91251,-0.07,20.01,-3.9999999E-2,0.0,6.0,3276.7,0
6,4185,2312,134851,2312,276454240071679,26444,38,13900,42.281311,-83.743523,227.5,0.0,273.91251,-0.07,20.01,0.0,0.0,6.0,3276.7,0
6,4185,2312,134851,2312,276454240171689,26444,39,14000,42.281311,-83.743523,227.5,0.0,273.91251,-2.9999999E-2,20.01,0.0,0.0,6.0,3276.7,0
6,4185,2312,134851,2312,276454240271820,26444,40,14100,42.281311,-83.743523,227.5,0.0,273.91251,-9.9999998E-3,20.01,0.0,0.0,6.0,3276.7,0
6,4185,2312,134851,2312,276454240371783,26444,41,14200,42.281311,-83.743523,227.5,0.0,273.91251,9.9999998E-3,20.01,0.0,0.0,6.0,3276.7,0
6,4185,2312,134851,2312,276454240471785,26444,42,14300,42.281311,-83.743523,227.5,0.0,273.91251,2.9999999E-2,20.01,0.0,0.0,6.0,3276.7,0
6,4185,2312,134851,2312,276454240571752,26444,43,14400,42.281311,-83.743523,227.5,0.0,273.91251,0.0,20.01,-0.02,0.0,6.0,3276.7,0
6,4185,2312,134851,2312,276454240671669,26444,44,14500,42.281311,-83.743523,227.5,0.0,273.91251,0.0,20.01,-3.9999999E-2,0.0,6.0,3276.7,0
6,4185,2312,134851,2312,276454240771781,26444,45,14600,42.281311,-83.743523,227.5,0.0,273.91251,-0.02,20.01,-0.02,0.0,6.0,3276.7,0
6,4185,2312,134851,2312,276454240871785,26444,46,14700,42.281311,-83.743523,227.5,0.0,273.91251,2.9999999E-2,20.01,0.0,0.0,6.0,3276.7,0
6,4185,2312,134851,2312,276454240971674,26444,47,14800,42.281311,-83.743523,227.5,0.0,273.91251,9.9999998E-3,20.01,0.0,0.0,6.0,3276.7,0
6,4185,2312,134851,2312,276454241071673,26444,48,14900,42.281311,-83.743523,227.5,0.0,273.91251,2.9999999E-2,20.01,0.0,0.0,6.0,3276.7,0
6,4185,2312,134851,2312,276454241171671,26444,49,15000,42.281311,-83.743523,227.5,0.02,273.91251,7.9999998E-2,20.01,0.0,0.0,6.0,3276.7,0
6,4185,2312,134851,2312,276454241271749,26444,50,15100,42.281311,-83.743523,227.5,0.02,273.91251,9.9999998E-3,20.01,0.0,0.0,6.0,3276.7,0
6,4185,2312,134851,2312,276454241371793,26444,51,15200,42.281311,-83.743523,227.5,0.02,273.91251,3.9999999E-2,20.01,0.0,0.0,6.0,3276.7,0
6,4185,2312,134851,2312,276454241471712,26444,52,15300,42.281311,-83.743523,227.5,0.0,273.91251,-7.9999998E-2,20.01,0.0,0.0,6.0,3276.7,0
6,4185,2312,134851,2312,276454241571780,26444,53,15400,42.281311,-83.743523,227.5,0.02,273.91251,-3.9999999E-2,20.01,0.0,0.0,6.0,3276.7,0
6,4185,2312,134851,2312,276454241671708,26444,54,15500,42.281311,-83.743523,227.5,0.02,273.91251,2.9999999E-2,20.01,0.0,0.0,6.0,3276.7,0
6,4185,2312,134851,2312,276454241771712,26444,55,15600,42.281311,-83.743523,227.5,0.0,273.91251,-5.0000001E-2,20.01,0.0,0.0,6.0,3276.7,0
6,4185,2312,134851,2312,276454241871717,26444,56,15700,42.281311,-83.743523,227.5,0.0,273.91251,-2.9999999E-2,20.01,0.0,0.0,6.0,3276.7,0
6,4185,2312,134851,2312,276454241971637,26444,57,15800,42.281311,-83.743523,227.5,0.0,273.91251,0.0,20.01,0.0,0.0,6.0,3276.7,0
6,4185,2312,134851,2312,276454242071651,26444,58,15900,42.281311,-83.743523,227.5,0.0,273.91251,-9.9999998E-3,20.01,0.0,0.0,6.0,3276.7,0
6,4185,2312,134851,2312,276454242171708,26444,59,16000,42.281311,-83.743523,227.5,0.0,273.91251,-0.02,20.01,0.0,0.0,6.0,3276.7,0
6,4185,2312,134851,2312,276454242271711,26444,60,16100,42.281311,-83.743523,227.5,0.0,273.91251,9.9999998E-3,20.01,0.0,0.0,6.0,3276.7,0
6,4185,2312,134851,2312,276454242371707,26444,61,16200,42.281311,-83.743523,227.5,0.0,273.91251,9.9999998E-3,20.01,0.0,0.0,6.0,3276.7,0
6,4185,2312,134851,2312,276454242471744,26444,62,16300,42.281311,-83.743523,227.5,0.0,273.91251,-0.02,20.01,0.0,0.0,6.0,3276.7,0
6,4185,2312,134851,2312,276454242571707,26444,63,16400,42.281311,-83.743523,227.5,0.0,273.91251,0.0,20.01,0.0,0.0,6.0,3276.7,0
6,4185,2312,134851,2312,276454242671708,26444,64,16500,42.281311,-83.743523,227.5,0.0,273.91251,2.9999999E-2,20.01,0.0,0.0,6.0,3276.7,0
6,4185,2312,134851,2312,276454242771710,26444,65,16600,42.281311,-83.743523,227.5,0.0,273.91251,0.0,20.01,0.0,0.0,6.0,3276.7,0
6,4185,2312,134851,2312,276454242871809,26444,66,16700,42.281311,-83.743523,227.5,0.0,273.91251,-0.02,20.01,0.0,0.0,6.0,3276.7,0
6,4185,2312,134851,2312,276454242971684,26444,67,16800,42.281311,-83.743523,227.5,0.02,273.91251,0.02,20.01,0.0,0.0,6.0,3276.7,0
6,4185,2312,134851,2312,276454243071749,26444,68,16900,42.281311,-83.743523,227.5,0.0,273.91251,0.0,20.01,0.0,0.0,6.0,3276.7,0
6,4185,2312,134851,2312,276454243171666,26444,69,17000,42.281311,-83.743523,227.5,0.0,273.91251,0.0,20.01,0.0,0.0,6.0,3276.7,0
6,4185,2312,134851,2312,276454243271745,26444,70,17100,42.281311,-83.743523,227.5,0.0,273.91251,-2.9999999E-2,20.01,0.0,0.0,6.0,3276.7,0
6,4185,2312,134851,2312,276454243371672,26444,71,17200,42.281311,-83.743523,227.5,0.0,273.91251,9.9999998E-3,20.01,0.0,0.0,6.0,3276.7,0
6,4185,2312,134851,2312,276454243471675,26444,72,17300,42.281311,-83.743523,227.5,0.0,273.91251,0.0,20.01,0.0,0.0,6.0,3276.7,0
6,4185,2312,134851,2312,276454243571713,26444,73,17400,42.281311,-83.743523,227.60001,0.0,273.91251,-9.9999998E-3,20.01,0.0,0.0,6.0,3276.7,0
6,4185,2312,134851,2312,276454243671751,26444,74,17500,42.281311,-83.743523,227.60001,0.0,273.91251,0.02,20.01,0.0,0.0,6.0,3276.7,0
6,4185,2312,134851,2312,276454243771835,26444,75,17600,42.281311,-83.743523,227.60001,0.02,273.91251,5.0000001E-2,20.01,0.0,0.0,6.0,3276.7,0
6,4185,2312,134851,2312,276454243871771,26444,76,17700,42.281311,-83.743523,227.60001,0.0,273.91251,-0.02,20.01,-7.9999998E-2,0.0,6.0,3276.7,0
6,4185,2312,134851,2312,276454243971840,26444,77,17800,42.281311,-83.743523,227.60001,0.0,273.91251,-2.9999999E-2,20.01,-0.16,0.0,6.0,3276.7,0
6,4185,2312,134851,2312,276454244071830,26444,78,17900,42.281311,-83.743523,227.60001,0.0,273.91251,-9.9999998E-3,20.01,-0.14,0.0,6.0,3276.7,0
6,4185,2312,134851,2312,276454244171672,26444,79,18000,42.281311,-83.743523,227.60001,0.0,273.91251,-0.02,20.01,-5.9999999E-2,0.0,6.0,3276.7,0
6,4185,2312,134851,2312,276454244271754,26444,80,18100,42.281311,-83.743523,227.60001,0.0,273.91251,2.9999999E-2,20.01,0.0,0.0,6.0,3276.7,0
6,4185,2312,134851,2312,276454244371745,26444,81,18200,42.281311,-83.743523,227.60001,0.0,273.91251,-9.9999998E-3,20.01,0.0,0.0,6.0,3276.7,0
6,4185,2312,134851,2312,276454244471804,26444,82,18300,42.281311,-83.743523,227.60001,0.0,273.91251,0.0,20.01,0.0,0.0,6.0,3276.7,0
6,4185,2312,134851,2312,276454244571804,26444,83,18400,42.281311,-83.743523,227.60001,0.0,273.91251,-9.9999998E-3,20.01,0.0,0.0,6.0,3276.7,0
6,4185,2312,134851,2312,276454244671771,26444,84,18500,42.281311,-83.743523,227.60001,0.0,273.91251,0.0,20.01,0.0,0.0,6.0,3276.7,0
6,4185,2312,134851,2312,276454244771804,26444,85,18600,42.281311,-83.743523,227.60001,0.0,273.91251,2.9999999E-2,20.01,0.0,0.0,6.0,3276.7,0
6,4185,2312,134851,2312,276454244871807,26444,86,18700,42.281311,-83.743523,227.60001,0.0,273.91251,0.0,20.01,0.0,0.0,6.0,3276.7,0
6,4185,2312,134851,2312,276454244971765,26444,87,18800,42.281311,-83.743523,227.60001,0.0,273.91251,-9.9999998E-3,20.01,0.0,0.0,6.0,3276.7,0
6,4185,2312,134851,2312,276454245071749,26444,88,18900,42.281311,-83.743523,227.60001,0.0,273.91251,-9.9999998E-3,20.01,0.0,0.0,6.0,3276.7,0
6,4185,2312,134851,2312,276454245171678,26444,89,19000,42.281311,-83.743523,227.60001,0.0,273.91251,0.0,20.01,0.0,0.0,6.0,3276.7,0
6,4185,2312,134851,2312,276454245271766,26444,90,19100,42.281311,-83.743523,227.60001,0.02,273.91251,5.0000001E-2,20.01,0.0,0.0,6.0,3276.7,0
6,4185,2312,134851,2312,276454245371802,26444,91,19200,42.281311,-83.743523,227.60001,0.0,273.91251,5.0000001E-2,20.01,0.0,0.0,6.0,3276.7,0
6,4185,2312,134851,2312,276454245471771,26444,92,19300,42.281311,-83.743523,227.60001,0.0,273.91251,0.0,20.01,0.0,0.0,6.0,3276.7,0
6,4185,2312,134851,2312,276454245571769,26444,93,19400,42.281311,-83.743523,227.60001,0.0,273.91251,-9.9999998E-3,20.01,0.0,0.0,6.0,3276.7,0
6,4185,2312,134851,2312,276454245671736,26444,94,19500,42.281311,-83.743523,227.60001,0.0,273.91251,-3.9999999E-2,20.01,0.0,0.0,6.0,3276.7,0
6,4185,2312,134851,2312,276454245771840,26444,95,19600,42.281311,-83.743523,227.60001,0.0,273.91251,0.0,20.01,0.0,0.0,6.0,3276.7,0
6,4185,2312,134851,2312,276454245871812,26444,96,19700,42.281311,-83.743523,227.60001,0.0,273.91251,-2.9999999E-2,20.01,0.0,0.0,6.0,3276.7,0
6,4185,2312,134851,2312,276454245971840,26444,97,19800,42.281311,-83.743523,227.60001,0.0,273.91251,0.0,20.01,0.0,0.0,6.0,3276.7,0
6,4185,2312,134851,2312,276454246071673,26444,98,19900,42.281311,-83.743523,227.60001,0.0,273.91251,0.0,20.01,0.0,0.0,6.0,3276.7,0
6,4185,2312,134851,2312,276454246171670,26444,99,20000,42.281311,-83.743523,227.60001,0.0,273.91251,3.9999999E-2,20.01,0.0,0.0,6.0,3276.7,0
6,4185,2312,134851,2312,276454246271687,26444,100,20100,42.281311,-83.743523,227.60001,0.0,273.91251,-9.9999998E-3,20.01,0.0,0.0,6.0,3276.7,0
6,4185,2312,134851,2312,276454246371690,26444,101,20200,42.281311,-83.743523,227.60001,0.0,273.91251,0.0,20.01,0.0,0.0,6.0,3276.7,0
6,4185,2312,134851,2312,276454246471724,26444,102,20300,42.281311,-83.743523,227.60001,0.0,273.91251,-0.02,20.01,0.0,0.0,6.0,3276.7,0
6,4185,2312,134851,2312,276454246571725,26444,103,20400,42.281311,-83.743523,227.60001,0.0,273.91251,-9.9999998E-3,20.01,0.0,0.0,6.0,3276.7,0
6,4185,2312,134851,2312,276454246671733,26444,104,20500,42.281311,-83.743523,227.60001,0.0,273.91251,9.9999998E-3,20.01,0.0,0.0,6.0,3276.7,0
6,4185,2312,134851,2312,276454246771736,26444,105,20600,42.281311,-83.743523,227.7,0.0,273.91251,2.9999999E-2,20.01,0.0,0.0,6.0,3276.7,0
6,4185,2312,134851,2312,276454246871697,26444,106,20700,42.281311,-83.743523,227.7,0.0,273.91251,0.0,20.01,0.0,0.0,6.0,3276.7,0
6,4185,2312,134851,2312,276454246971705,26444,107,20800,42.281311,-83.743523,227.7,0.0,273.91251,0.0,20.01,0.0,0.0,6.0,3276.7,0
6,4185,2312,134851,2312,276454247071693,26444,108,20900,42.281311,-83.743523,227.7,0.0,273.91251,-2.9999999E-2,20.01,-7.9999998E-2,0.0,6.0,3276.7,0
6,4185,2312,134851,2312,276454247171693,26444,109,21000,42.281311,-83.743523,227.7,0.0,273.91251,0.0,20.01,-0.16,0.0,6.0,3276.7,0
6,4185,2312,134851,2312,276454247271688,26444,110,21100,42.281311,-83.743523,227.7,0.0,273.91251,-9.9999998E-3,20.01,-0.14,0.0,6.0,3276.7,0
6,4185,2312,134851,2312,276454247371684,26444,111,21200,42.281311,-83.743523,227.7,0.0,273.91251,2.9999999E-2,20.01,-5.9999999E-2,0.0,6.0,3276.7,0
6,4185,2312,134851,2312,276454247471729,26444,112,21300,42.281311,-83.743523,227.7,0.0,273.91251,0.02,20.01,0.0,0.0,6.0,3276.7,0
6,4185,2312,134851,2312,276454247571732,26444,113,21400,42.281311,-83.743523,227.8,0.02,273.91251,5.0000001E-2,20.01,0.0,0.0,6.0,3276.7,0
6,4185,2312,134851,2312,276454247671688,26444,114,21500,42.281311,-83.743523,227.8,0.0,273.91251,-0.02,20.01,0.0,0.0,6.0,3276.7,0
6,4185,2312,134851,2312,276454247771695,26444,115,21600,42.281311,-83.743523,227.8,0.0,273.91251,-9.9999998E-3,20.01,0.0,0.0,6.0,3276.7,0
6,4185,2312,134851,2312,276454247871681,26444,116,21700,42.281311,-83.743523,227.8,0.0,273.91251,0.0,20.01,-5.9999999E-2,0.0,6.0,3276.7,0
6,4185,2312,134851,2312,276454247971648,26444,117,21800,42.281311,-83.743523,227.8,0.0,273.91251,-2.9999999E-2,20.01,-0.16,0.0,6.0,3276.7,0
6,4185,2312,134851,2312,276454248071687,26444,118,21900,42.281311,-83.743523,227.8,0.0,273.91251,-3.9999999E-2,20.01,-0.14,0.0,6.0,3276.7,0
6,4185,2312,134851,2312,276454248171689,26444,119,22000,42.281311,-83.743523,227.8,0.0,273.91251,-9.9999998E-3,20.01,-7.9999998E-2,0.0,6.0,3276.7,0
6,4185,2312,134851,2312,276454248271686,26444,120,22100,42.281311,-83.743523,227.89999,0.0,273.91251,0.02,20.01,0.0,0.0,6.0,3276.7,0
6,4185,2312,134851,2312,276454248371682,26444,121,22200,42.281311,-83.743523,227.89999,0.0,273.91251,2.9999999E-2,20.01,0.0,0.0,6.0,3276.7,0
6,4185,2312,134851,2312,276454248471690,26444,122,22300,42.281311,-83.743523,227.89999,0.0,273.91251,0.0,20.01,0.0,0.0,6.0,3276.7,0
6,4185,2312,134851,2312,276454248571683,26444,123,22400,42.281311,-83.743523,227.89999,0.0,273.91251,9.9999998E-3,20.01,-3.9999999E-2,0.0,6.0,3276.7,0
6,4185,2312,134851,2312,276454248671674,26444,124,22500,42.281311,-83.743523,227.89999,0.0,273.91251,-2.9999999E-2,20.01,-0.14,0.0,6.0,3276.7,0
6,4185,2312,134851,2312,276454248771789,26444,125,22600,42.281311,-83.743523,227.89999,5.9999999E-2,273.91251,0.20999999,20.01,-0.14,0.0,6.0,3276.7,0
6,4185,2312,134851,2312,276454248871684,26444,126,22700,42.281311,-83.743523,227.89999,0.12,273.91251,0.44,20.01,-7.9999998E-2,-178.8,6.0,3276.7,0
6,4185,2312,134851,2312,276454248971718,26444,127,22800,42.281311,-83.743523,227.89999,0.14,273.91251,0.50999999,20.01,0.0,-222.34,6.0,3276.7,0
6,4185,2312,134851,2312,276454249071731,26444,0,22900,42.281311,-83.743523,227.89999,0.18000001,273.91251,0.44,20.01,0.0,-199.42,6.0,3276.7,0
6,4185,2312,134851,2312,276454249171733,26444,1,23000,42.281311,-83.743523,227.89999,0.23999999,273.91251,0.47,20.01,0.0,-147.05,6.0,3276.7,0
6,4185,2312,134851,2312,276454249271682,26444,2,23100,42.281311,-83.743523,228.0,0.25999999,273.91251,0.41999999,20.01,0.0,-99.510002,6.0,3276.7,0
6,4185,2312,134851,2312,276454249371680,26444,3,23200,42.281311,-83.743523,228.0,0.30000001,273.91251,0.40000001,20.01,0.0,-52.009998,6.0,3276.7,0
6,4185,2312,134851,2312,276454249471722,26444,4,23300,42.281311,-83.743523,228.0,0.30000001,273.91251,0.2,20.01,0.0,-20.17,6.0,3276.7,0
6,4185,2312,134851,2312,276454249571672,26444,5,23400,42.281311,-83.743523,228.0,0.38,273.91251,0.33000001,20.01,-7.9999998E-2,-1.34,6.0,3276.7,0
6,4185,2312,134851,2312,276454249671679,26444,6,23500,42.281311,-83.743523,228.0,0.44,273.91251,0.47,20.01,-0.16,4.73,6.0,3276.7,0
6,4185,2312,134851,2312,276454249771639,26444,7,23600,42.281311,-83.743523,228.0,0.5,273.91251,0.64999998,20.01,-0.14,13.13,6.0,3276.7,0
6,4185,2312,134851,2312,276454249871725,26444,8,23700,42.281311,-83.743523,228.0,0.46000001,273.91251,0.31999999,20.01,-7.9999998E-2,15.35,6.0,3276.7,0
6,4185,2312,134851,2312,276454249971675,26444,9,23800,42.281311,-83.743523,228.0,0.56,273.91251,0.41999999,20.01,0.0,8.9399996,6.0,3276.7,0
6,4185,2312,134851,2312,276454250071682,26444,10,23900,42.281311,-83.743523,228.0,0.62,273.91251,0.51999998,20.01,0.0,6.6199999,6.0,3276.7,0
6,4185,2312,134851,2312,276454250171685,26444,11,24000,42.281311,-83.743523,228.0,0.72000003,273.91251,0.76999998,20.01,0.0,-0.83999997,6.0,3276.7,0
6,4185,2312,134851,2312,276454250271674,26444,12,24100,42.281311,-83.743523,228.0,0.80000001,273.91251,0.88999999,20.01,0.0,3.5,6.0,3276.7,0
6,4185,2312,134851,2312,276454250371756,26444,13,24200,42.281311,-83.743523,228.0,0.95999998,271.8125,1.16,20.01,0.0,-0.72000003,6.0,3276.7,0
6,4185,2312,134851,2312,276454250471685,26444,14,24300,42.281311,-83.743523,228.0,1.14,273.32501,1.59,20.01,0.0,0.27000001,6.0,-311.79999,94
6,4185,2312,134851,2312,276454250571681,26444,15,24400,42.281311,-83.743523,228.0,1.22,273.33749,1.48,20.01,0.0,0.73000002,6.0,-246.8,46
6,4185,2312,134851,2312,276454250671681,26444,16,24500,42.281311,-83.743523,228.0,1.3200001,272.98749,1.2,20.01,0.0,0.13,6.0,-220.8,46
6,4185,2312,134851,2312,276454250771650,26444,17,24600,42.281311,-83.74353,228.0,1.48,272.04999,1.25,20.01,0.0,-2.0,6.0,-179.89999,68
6,4185,2312,134851,2312,276454250871722,26444,18,24700,42.281311,-83.74353,228.0,1.6,274.35001,1.21,20.01,0.0,1.79,6.0,-181.3,45
6,4185,2312,134851,2312,276454250971725,26444,19,24800,42.281311,-83.74353,228.0,1.66,272.60001,0.97000003,20.01,0.0,-7.9999998E-2,6.0,-187.8,62
6,4185,2312,134851,2312,276454251071732,26444,20,24900,42.281311,-83.74353,228.0,1.84,273.98749,1.2,20.01,0.0,1.71,6.0,-225.60001,43
6,4185,2312,134851,2312,276454251171723,26444,21,25000,42.281311,-83.743538,228.0,1.8200001,272.64999,0.77999997,20.01,0.0,-0.33000001,6.0,-272.10001,90
6,4185,2312,134851,2312,276454251271722,26444,22,25100,42.281311,-83.743538,228.0,2.0999999,272.92499,1.33,20.01,0.0,-0.74000001,6.0,-316.79999,55
6,4185,2312,134851,2312,276454251371723,26444,23,25200,42.281311,-83.743538,228.0,2.1400001,272.79999,1.24,20.01,0.0,-1.0599999,6.0,-341.5,44
6,4185,2312,134851,2312,276454251471724,26444,24,25300,42.281311,-83.743553,228.0,2.26,272.35001,1.15,20.01,0.0,-1.88,6.0,-317.79999,39
6,4185,2312,134851,2312,276454251571732,26444,25,25400,42.281311,-83.743553,228.0,2.54,273.77499,1.77,20.01,0.0,0.86000001,6.0,-332.29999,96
6,4185,2312,134851,2312,276454251671649,26444,26,25500,42.281311,-83.743553,228.0,2.6400001,273.76251,1.78,20.01,0.0,2.03,6.0,-427.89999,40
6,4185,2312,134851,2312,276454251771650,26444,27,25600,42.281311,-83.743553,228.0,2.78,273.02499,1.5700001,20.01,0.0,0.76999998,6.0,-644.29999,43
6,4185,2312,134851,2312,276454251871687,26444,28,25700,42.281311,-83.743561,228.0,2.98,273.46249,1.6900001,20.01,0.0,0.85000002,6.0,-1429.8,48
6,4185,2312,134851,2312,276454251971680,26444,29,25800,42.281311,-83.743561,228.0,3.0,273.35001,1.1799999,20.01,0.0,0.50999999,6.0,3276.7,75
6,4185,2312,134851,2312,276454252071684,26444,30,25900,42.281311,-83.743568,228.0,3.26,273.46249,1.46,20.01,0.0,0.46000001,6.0,1194.8,100
6,4185,2312,134851,2312,276454252171682,26444,31,26000,42.281311,-83.743568,228.0,3.3199999,273.25,1.24,20.01,0.0,-7.9999998E-2,6.0,727.20001,66
6,4185,2312,134851,2312,276454252271686,26444,32,26100,42.281311,-83.743584,228.0,3.4000001,273.33749,1.01,20.01,0.0,-0.16,6.0,578.09998,52
6,4185,2312,134851,2312,276454252371686,26444,33,26200,42.281311,-83.743584,228.0,3.4200001,273.45001,0.54000002,20.01,0.0,3.9999999E-2,6.0,509.70001,64
6,4185,2312,134851,2312,276454252471685,26444,34,26300,42.281311,-83.743584,228.0,3.4400001,274.16251,0.22,20.01,0.0,1.54,6.0,425.70001,65
6,4185,2312,134851,2312,276454252571682,26444,35,26400,42.281311,-83.743584,228.0,3.4000001,272.86249,-0.18000001,20.01,0.0,-0.55000001,6.0,403.20001,81
6,4185,2312,134851,2312,276454252671650,26444,36,26500,42.281311,-83.743591,228.0,3.48,273.25,0.02,20.01,0.0,-0.74000001,6.0,421.5,51
6,4185,2312,134851,2312,276454252771677,26444,37,26600,42.281311,-83.743591,228.0,3.48,273.20001,7.9999998E-2,20.01,0.0,-0.75999999,6.0,482.5,48
6,4185,2312,134851,2312,276454252871682,26444,38,26700,42.281311,-83.743599,228.0,3.52,273.20001,0.25999999,20.01,0.0,-0.63999999,6.0,605.79999,56
6,4185,2312,134851,2312,276454252971646,26444,39,26800,42.281311,-83.743607,227.89999,3.6199999,272.54999,0.61000001,20.01,-0.14,-1.71,6.0,1027.6,46
6,4185,2312,134851,2312,276454253071656,26444,40,26900,42.281311,-83.743607,227.89999,3.6600001,273.13751,0.68000001,20.01,-0.16,-0.76999998,6.0,3276.7,66
6,4185,2312,134851,2312,276454253171685,26444,41,27000,42.281311,-83.743607,227.89999,3.8399999,272.5,1.17,20.01,-3.9999999E-2,-1.38,6.0,3276.7,68
6,4185,2312,134851,2312,276454253271677,26444,42,27100,42.281311,-83.743607,227.89999,3.9000001,273.1875,1.15,20.01,0.0,-9.0000004E-2,6.0,-875.40002,75
6,4185,2312,134851,2312,276454253371671,26444,43,27200,42.281311,-83.743622,227.89999,3.98,272.53751,0.98000002,20.01,0.0,-0.69999999,6.0,-584.90002,76
6,4185,2312,134851,2312,276454253471659,26444,44,27300,42.281311,-83.743629,227.89999,4.0799999,272.64999,0.91000003,20.01,0.0,-0.63,6.0,-454.89999,78
6,4185,2312,134851,2312,276454253571682,26444,45,27400,42.281311,-83.743629,227.89999,4.1999998,272.25,1.03,20.01,0.0,-1.27,6.0,-371.10001,92
6,4185,2312,134851,2312,276454253671672,26444,46,27500,42.281311,-83.743637,227.89999,4.3000002,271.85001,1.05,20.01,0.0,-2.1199999,6.0,-303.39999,49
6,4185,2312,134851,2312,276454253771673,26444,47,27600,42.281311,-83.743637,227.89999,4.3800001,272.0,1.0,20.01,-0.02,-1.8099999,6.0,-255.7,48
6,4185,2312,134851,2312,276454253871681,26444,48,27700,42.281311,-83.743637,227.89999,4.46,272.36249,0.86000001,20.01,-3.9999999E-2,-0.60000002,6.0,-229.89999,97
6,4185,2312,134851,2312,276454253971674,26444,49,27800,42.281311,-83.743652,227.89999,4.6199999,272.23749,1.09,20.01,-0.02,-0.14,6.0,-218.8,51
6,4185,2312,134851,2312,276454254071685,26444,50,27900,42.281311,-83.74366,227.89999,4.7399998,272.85001,1.24,20.01,0.0,1.3,6.0,-225.89999,38
6,4185,2312,134851,2312,276454254171655,26444,51,28000,42.281311,-83.743668,227.8,4.8000002,272.17499,1.02,20.01,-0.14,0.44999999,6.0,-243.89999,40
6,4185,2312,134851,2312,276454254271678,26444,52,28100,42.281311,-83.743668,227.8,4.9200001,272.45001,1.0,20.01,-0.16,0.49000001,6.0,-274.79999,46
6,4185,2312,134851,2312,276454254371676,26444,53,28200,42.281311,-83.743683,227.8,4.9400001,271.72501,0.69999999,20.01,-3.9999999E-2,-1.0,6.0,-306.10001,82
6,4185,2312,134851,2312,276454254471673,26444,54,28300,42.281311,-83.743683,227.8,4.96,272.39999,0.40000001,20.01,0.0,-0.23999999,6.0,-346.5,73
6,4185,2312,134851,2312,276454254571645,26444,55,28400,42.281311,-83.74369,227.8,4.96,272.78751,0.07,20.01,0.0,0.94,6.0,-422.10001,80
6,4185,2312,134851,2312,276454254671656,26444,56,28500,42.281311,-83.743698,227.8,4.96,272.25,-5.9999999E-2,20.01,0.0,0.28,6.0,-543.70001,86
6,4185,2312,134851,2312,276454254771655,26444,57,28600,42.281311,-83.743698,227.8,5.02,272.48749,0.07,20.01,0.0,0.37,6.0,-765.09998,88
6,4185,2312,134851,2312,276454254871654,26444,58,28700,42.281311,-83.743713,227.8,4.96,272.20001,-0.11,20.01,0.0,-0.19,6.0,-1162.7,86
6,4185,2312,134851,2312,276454254971652,26444,59,28800,42.281311,-83.743713,227.8,4.98,272.01251,-3.9999999E-2,20.01,-0.02,-0.81,6.0,3276.7,52
6,4185,2312,134851,2312,276454255071650,26444,60,28900,42.281311,-83.743721,227.8,4.98,271.63751,-3.9999999E-2,20.01,-3.9999999E-2,-1.7,6.0,3276.7,42
6,4185,2312,134851,2312,276454255171674,26444,61,29000,42.281311,-83.743729,227.7,4.9400001,271.48749,-0.14,20.01,-0.18000001,-2.0999999,6.0,-1378.6,39
6,4185,2312,134851,2312,276454255271651,26444,62,29100,42.281311,-83.743729,227.8,4.9200001,271.125,-0.23,20.01,-0.02,-2.5899999,6.0,-850.09998,38
6,4185,2312,134851,2312,276454255371663,26444,63,29200,42.281319,-83.743736,227.7,4.8600001,271.64999,-0.41999999,20.01,-0.02,-1.3099999,6.0,-602.90002,52
6,4185,2312,134851,2312,276454255471646,26444,64,29300,42.281319,-83.743736,227.7,4.8800001,271.89999,-0.25,20.01,-0.02,5.9999999E-2,6.0,-505.10001,50
6,4185,2312,134851,2312,276454255571650,26444,65,29400,42.281319,-83.743752,227.7,4.8600001,271.95001,-0.11,20.01,0.0,0.81999999,6.0,-483.89999,38
6,4185,2312,134851,2312,276454255671656,26444,66,29500,42.281319,-83.743752,227.7,4.9000001,271.8125,0.12,20.01,0.0,0.79000002,6.0,-508.20001,37
6,4185,2312,134851,2312,276454255771656,26444,67,29600,42.281319,-83.743759,227.7,4.8200002,272.35001,-0.1,20.01,0.0,1.67,6.0,-619.59998,36
6,4185,2312,134851,2312,276454255871676,26444,68,29700,42.281319,-83.743767,227.8,4.8200002,273.64999,-0.16,20.01,0.0,4.29,6.0,-1348.6,28
6,4185,2312,134851,2312,276454255971669,26444,69,29800,42.281319,-83.743767,227.8,4.8400002,274.35001,-0.1,20.01,0.0,6.1199999,6.0,1349.8,20
6,4185,2312,134851,2312,276454256071723,26444,70,29900,42.281319,-83.743782,227.7,4.8400002,275.52499,-9.9999998E-3,20.01,-0.1,8.1300001,7.0,343.79999,15
6,4185,2312,134851,2312,276454256171698,26444,71,30000,42.281319,-83.743782,227.7,4.6799998,275.70001,-0.55000001,20.01,-0.28,7.8899999,7.0,180.10001,20
6,4185,2312,134851,2312,276454256271745,26444,72,30100,42.281319,-83.74379,227.7,4.7399998,275.85001,-0.37,20.01,-0.22,6.5,7.0,120.5,34
6,4185,2312,134851,2312,276454256371702,26444,73,30200,42.281319,-83.743797,227.7,4.7600002,277.38751,-5.9999999E-2,20.01,-5.9999999E-2,7.5500002,7.0,89.599998,40
6,4185,2312,134851,2312,276454256471718,26444,74,30300,42.281319,-83.743797,227.7,4.6399999,278.02499,-0.34,20.01,0.0,7.8400002,7.0,71.0,46
6,4185,2312,134851,2312,276454256571720,26444,75,30400,42.281319,-83.743797,227.7,4.7199998,279.01251,-5.9999999E-2,20.01,0.0,8.3900003,7.0,58.799999,48
6,4185,2312,134851,2312,276454256671762,26444,76,30500,42.281319,-83.743813,227.7,4.6799998,280.35001,-0.07,20.01,0.0,9.6400003,7.0,50.0,42
6,4185,2312,134851,2312,276454256771716,26444,77,30600,42.28133,-83.74382,227.7,4.6599998,280.875,-0.13,20.01,0.0,9.3900003,7.0,43.700001,44
6,4185,2312,134851,2312,276454256871712,26444,78,30700,42.28133,-83.74382,227.7,4.6599998,282.08749,-0.1,20.01,0.0,9.79,7.0,38.900002,45
6,4185,2312,134851,2312,276454256971727,26444,79,30800,42.28133,-83.743828,227.7,4.6199999,284.35001,-0.16,20.01,-0.02,12.49,7.0,34.900002,34
6,4185,2312,134851,2312,276454257071704,26444,80,30900,42.28133,-83.743843,227.7,4.7399998,285.75,0.31999999,20.01,-0.02,14.12,7.0,31.4,26
6,4185,2312,134851,2312,276454257171717,26444,81,31000,42.28133,-83.743843,227.7,4.7600002,287.26251,0.46000001,20.01,-0.02,15.13,7.0,28.4,23
6,4185,2312,134851,2312,276454257271718,26444,82,31100,42.28133,-83.743843,227.7,4.8200002,290.17499,0.63,20.01,0.0,18.360001,7.0,25.6,14
6,4185,2312,134851,2312,276454257371721,26444,83,31200,42.28133,-83.743851,227.7,4.9400001,292.32501,0.87,20.01,0.0,20.57,7.0,23.200001,8
6,4185,2312,134851,2312,276454257471720,26444,84,31300,42.281342,-83.743858,227.7,4.96,294.14999,0.75,20.01,0.0,21.190001,7.0,21.0,10
6,4185,2312,134851,2312,276454257571720,26444,85,31400,42.281342,-83.743858,227.7,5.02,296.79999,0.60000002,20.01,0.0,22.559999,7.0,19.200001,14
6,4185,2312,134851,2312,276454257671806,26444,86,31500,42.281342,-83.743874,227.7,5.1399999,299.60001,0.76999998,20.01,0.0,24.27,8.0,17.6,16
6,4185,2312,134851,2312,276454257771790,26444,87,31600,42.281349,-83.743874,227.60001,5.3000002,302.83749,1.15,20.01,-0.14,26.709999,8.0,16.200001,14
6,4185,2312,134851,2312,276454257871779,26444,88,31700,42.281349,-83.743874,227.60001,5.3400002,306.4375,1.0599999,20.01,-0.16,29.719999,8.0,14.9,8
6,4185,2312,134851,2312,276454257971760,26444,89,31800,42.281349,-83.743881,227.60001,5.3400002,308.83749,0.63,20.01,-3.9999999E-2,30.09,8.0,13.9,12
6,4185,2312,134851,2312,276454258071794,26444,90,31900,42.281361,-83.743881,227.60001,5.4200001,312.20001,0.50999999,20.01,0.0,30.98,8.0,13.0,18
6,4185,2312,134851,2312,276454258171787,26444,91,32000,42.281361,-83.743889,227.60001,5.5999999,314.5,0.91000003,20.01,0.0,29.860001,8.0,12.2,32
6,4185,2312,134851,2312,276454258271798,26444,92,32100,42.281361,-83.743889,227.60001,5.6399999,318.39999,0.89999998,20.01,0.0,31.07,8.0,11.6,37
6,4185,2312,134851,2312,276454258371788,26444,93,32200,42.281368,-83.743896,227.5,5.7399998,320.98749,0.89999998,20.01,-5.9999999E-2,30.66,8.0,11.1,48
6,4185,2312,134851,2312,276454258471763,26444,94,32300,42.281368,-83.743896,227.5,5.6799998,323.22501,0.36000001,20.01,-0.16,28.84,8.0,10.8,48
6,4185,2312,134851,2312,276454258571788,26444,95,32400,42.28138,-83.743896,227.5,5.8200002,327.45001,0.50999999,20.01,-7.9999998E-2,30.57,8.0,10.5,64
6,4185,2312,134851,2312,276454258671815,26444,96,32500,42.28138,-83.743896,227.5,5.9400001,329.42499,0.86000001,20.01,0.0,29.299999,8.0,10.4,46
6,4185,2312,134851,2312,276454258771783,26444,97,32600,42.281391,-83.743896,227.5,5.9400001,333.47501,0.63,20.01,0.0,30.860001,8.0,10.3,90
6,4185,2312,134851,2312,276454258871763,26444,98,32700,42.281391,-83.743912,227.39999,6.0999999,336.52499,0.93000001,20.01,-0.02,31.559999,8.0,10.2,52
6,4185,2312,134851,2312,276454258971785,26444,99,32800,42.281399,-83.743912,227.39999,6.1199999,339.89999,0.80000001,20.01,-7.9999998E-2,32.34,8.0,10.2,40
6,4185,2312,134851,2312,276454259071786,26444,100,32900,42.281399,-83.743912,227.39999,6.2800002,341.75,1.0599999,20.01,-0.02,30.02,8.0,10.2,87
6,4185,2312,134851,2312,276454259171760,26444,101,33000,42.28141,-83.743912,227.39999,6.1999998,346.10001,0.44,20.01,0.0,31.51,8.0,10.3,74
6,4185,2312,134851,2312,276454259271790,26444,102,33100,42.28141,-83.743912,227.3,6.2399998,349.64999,0.1,20.01,-0.02,33.02,8.0,10.3,42
6,4185,2312,134851,2312,276454259371757,26444,103,33200,42.281422,-83.743912,227.3,6.46,351.63751,0.77999997,20.01,-3.9999999E-2,31.190001,8.0,10.4,72
6,4185,2312,134851,2312,276454259471786,26444,104,33300,42.281429,-83.743912,227.3,6.4400001,355.45001,0.69,20.01,0.0,31.629999,8.0,10.5,88
6,4185,2312,134851,2312,276454259571853,26444,105,33400,42.281429,-83.743912,227.3,6.5799999,356.95001,0.94,20.01,0.0,28.620001,9.0,10.7,38
6,4185,2312,134851,2312,276454259671832,26444,106,33500,42.281441,-83.743912,227.3,6.6599998,357.82501,0.97000003,20.01,0.0,23.25,9.0,11.0,13
6,4185,2312,134851,2312,276454259771816,26444,107,33600,42.281441,-83.743912,227.3,6.6799998,357.46249,0.70999998,20.01,0.0,15.35,9.0,11.4,0
6,4185,2312,134851,2312,276454259871821,26444,108,33700,42.281448,-83.743912,227.3,6.8400002,358.5625,0.95999998,20.01,0.0,10.6,9.0,12.1,0
6,4185,2312,134851,2312,276454259971822,26444,109,33800,42.28146,-83.743912,227.3,6.8400002,359.45001,0.69,20.01,0.0,7.9200001,9.0,13.1,0
6,4185,2312,134851,2312,276454260071837,26444,110,33900,42.28146,-83.743912,227.3,7.0799999,0.8125,1.22,20.01,-0.02,7.6999998,9.0,14.4,0
6,4185,2312,134851,2312,276454260171835,26444,111,34000,42.281471,-83.743912,227.3,7.04,2.325,0.79000002,20.01,-0.02,9.0299997,9.0,16.0,0
6,4185,2312,134851,2312,276454260271825,26444,112,34100,42.281479,-83.743912,227.3,7.1799998,3.5,0.87,20.01,-0.02,10.21,9.0,18.0,28
6,4185,2312,134851,2312,276454260371797,26444,113,34200,42.281479,-83.743912,227.2,7.2800002,4.5500002,0.99000001,20.01,-0.16,10.87,9.0,20.5,88
6,4185,2312,134851,2312,276454260471785,26444,114,34300,42.28149,-83.743912,227.2,7.3400002,4.8125,0.86000001,20.01,-0.16,9.5799999,9.0,23.4,54
6,4185,2312,134851,2312,276454260571817,26444,115,34400,42.28149,-83.743912,227.2,7.4200001,5.8000002,0.79000002,20.01,-3.9999999E-2,8.9899998,9.0,27.0,57
6,4185,2312,134851,2312,276454260671823,26444,116,34500,42.281502,-83.743912,227.2,7.5599999,4.7375002,1.0,20.01,0.0,4.8699999,9.0,31.6,37
6,4185,2312,134851,2312,276454260771819,26444,117,34600,42.281509,-83.743896,227.2,7.6199999,5.5875001,0.93000001,20.01,0.0,3.54,9.0,37.799999,26
6,4185,2312,134851,2312,276454260871825,26444,118,34700,42.281521,-83.743896,227.2,7.8000002,6.125,1.2,20.01,0.0,3.25,9.0,46.099998,24
6,4185,2312,134851,2312,276454260971823,26444,119,34800,42.281521,-83.743896,227.2,7.9400001,5.5749998,1.41,20.01,0.0,1.39,9.0,58.0,20
6,4185,2312,134851,2312,276454261071825,26444,120,34900,42.281528,-83.743896,227.2,8.0,5.0500002,1.1900001,20.01,0.0,-0.81999999,9.0,76.800003,16
6,4185,2312,134851,2312,276454261171811,26444,121,35000,42.28154,-83.743896,227.2,8.1599998,5.9749999,1.28,20.01,-0.02,5.0000001E-2,9.0,108.7,24
6,4185,2312,134851,2312,276454261271812,26444,122,35100,42.281551,-83.743896,227.2,8.2399998,4.6374998,1.12,20.01,-3.9999999E-2,-2.1300001,9.0,176.10001,24
6,4185,2312,134851,2312,276454261371788,26444,123,35200,42.281551,-83.743896,227.2,8.3400002,5.4124999,0.95999998,20.01,-0.02,-1.28,9.0,388.20001,32
6,4185,2312,134851,2312,276454261471823,26444,124,35300,42.281559,-83.743896,227.2,8.5600004,4.3000002,1.38,20.01,0.0,-2.77,9.0,3276.7,34
6,4185,2312,134851,2312,276454261571821,26444,125,35400,42.28157,-83.743896,227.2,8.5600004,4.0749998,1.02,20.01,0.0,-3.4200001,9.0,-379.70001,36
6,4185,2312,134851,2312,276454261671816,26444,126,35500,42.281582,-83.743896,227.2,8.6199999,5.0999999,0.69999999,20.01,0.0,-1.08,9.0,-218.60001,84
6,4185,2312,134851,2312,276454261771819,26444,127,35600,42.28159,-83.743896,227.10001,8.8199997,4.0999999,1.1,20.01,-0.14,-1.64,9.0,-164.5,72
6,4185,2312,134851,2312,276454261871820,26444,0,35700,42.28159,-83.743896,227.10001,8.9200001,4.4875002,1.24,20.01,-0.16,-0.86000001,9.0,-140.2,45
6,4185,2312,134851,2312,276454261971822,26444,1,35800,42.281601,-83.743896,227.10001,8.9399996,4.0124998,0.88,20.01,-3.9999999E-2,-1.22,9.0,-128.0,46
6,4185,2312,134851,2312,276454262071824,26444,2,35900,42.281609,-83.743896,227.10001,9.0600004,4.4000001,0.81,20.01,0.0,-0.41999999,9.0,-123.2,43
6,4185,2312,134851,2312,276454262171820,26444,3,36000,42.28162,-83.743896,227.10001,9.1800003,3.9749999,0.93000001,20.01,0.0,-0.75999999,9.0,-123.0,48
6,4185,2312,134851,2312,276454262271879,26444,4,36100,42.28162,-83.743896,227.10001,9.3000002,4.4000001,1.13,20.01,0.0,2.9999999E-2,10.0,-127.3,46
6,4185,2312,134851,2312,276454262371835,26444,5,36200,42.281639,-83.743896,227.10001,9.3999996,4.1999998,1.12,20.01,0.0,2.9999999E-2,10.0,-135.7,48
6,4185,2312,134851,2312,276454262471858,26444,6,36300,42.281639,-83.743896,227.10001,9.4799995,3.7,1.01,20.01,0.0,-0.92000002,10.0,-147.5,94
6,4185,2312,134851,2312,276454262571866,26444,7,36400,42.281651,-83.743889,227.10001,9.5799999,4.25,0.92000002,20.01,-0.02,-0.17,10.0,-164.2,92
6,4185,2312,134851,2312,276454262671858,26444,8,36500,42.281658,-83.743889,227.10001,9.6999998,3.2125001,1.03,20.01,-3.9999999E-2,-1.77,10.0,-183.89999,48
6,4185,2312,134851,2312,276454262771858,26444,9,36600,42.28167,-83.743889,227.10001,9.7799997,3.0999999,1.01,20.01,-0.02,-2.4300001,10.0,-205.10001,40
6,4185,2312,134851,2312,276454262871860,26444,10,36700,42.281681,-83.743889,227.10001,9.8599997,3.3375001,0.85000002,20.01,0.0,-1.83,10.0,-228.7,44
6,4185,2312,134851,2312,276454262971860,26444,11,36800,42.281681,-83.743889,227.0,9.9399996,2.9625001,0.81,20.01,-0.14,-1.9,10.0,-254.2,48
6,4185,2312,134851,2312,276454263071859,26444,12,36900,42.2817,-83.743889,227.0,9.9200001,3.6624999,0.36000001,20.01,-0.16,-0.2,10.0,-289.0,68
6,4185,2312,134851,2312,276454263171860,26444,13,37000,42.2817,-83.743889,227.0,10.1,2.95,0.73000002,20.01,-3.9999999E-2,-0.72000003,10.0,-332.70001,51
6,4185,2312,134851,2312,276454263271845,26444,14,37100,42.281712,-83.743889,227.0,10.12,3.0,0.69,20.01,0.0,-0.74000001,10.0,-387.20001,52
6,4185,2312,134851,2312,276454263371865,26444,15,37200,42.281719,-83.743889,227.0,10.24,2.9875,0.87,20.01,0.0,-0.62,10.0,-456.20001,58
6,4185,2312,134851,2312,276454263471863,26444,16,37300,42.281731,-83.743889,227.0,10.16,3.075,0.28999999,20.01,0.0,-0.27000001,10.0,-549.29999,55
6,4185,2312,134851,2312,276454263571860,26444,17,37400,42.281738,-83.743889,227.0,10.22,3.5999999,0.14,20.01,0.0,0.97000003,10.0,-712.29999,42
6,4185,2312,134851,2312,276454263671858,26444,18,37500,42.28175,-83.743889,227.0,10.28,3.0625,0.23999999,20.01,0.0,0.36000001,10.0,-998.70001,46
6,4185,2312,134851,2312,276454263771864,26444,19,37600,42.281761,-83.743881,227.0,10.26,2.5625,0.15000001,20.01,-0.02,-0.98000002,10.0,-1423.7,90
6,4185,2312,134851,2312,276454263871859,26444,20,37700,42.281769,-83.743881,226.89999,10.32,3.0374999,0.30000001,20.01,-0.2,-0.54000002,10.0,3276.7,72
6,4185,2312,134851,2312,276454263971863,26444,21,37800,42.28178,-83.743881,226.89999,10.44,3.4124999,0.72000003,20.01,-0.2,0.51999998,10.0,3276.7,90
6,4185,2312,134851,2312,276454264071852,26444,22,37900,42.281792,-83.743881,226.89999,10.42,2.8,0.50999999,20.01,-5.9999999E-2,-0.23999999,10.0,3276.7,97
6,4185,2312,134851,2312,276454264171860,26444,23,38000,42.281799,-83.743881,226.89999,10.26,3.2375,-0.40000001,20.01,0.0,0.25999999,10.0,3276.7,88
6,4185,2312,134851,2312,276454264271864,26444,24,38100,42.281811,-83.743881,226.89999,10.42,2.675,-0.02,20.01,0.0,-0.62,10.0,3276.7,80
6,4185,2312,134851,2312,276454264371866,26444,25,38200,42.281811,-83.743881,226.89999,10.36,2.5999999,-5.0000001E-2,20.01,0.0,-1.08,10.0,3276.7,52
6,4185,2312,134851,2312,276454264471865,26444,26,38300,42.28183,-83.743881,226.89999,10.22,2.3875,-0.58999997,20.01,0.0,-1.52,10.0,3276.7,46
6,4185,2312,134851,2312,276454264571859,26444,27,38400,42.28183,-83.743881,226.89999,10.32,2.7874999,-0.22,20.01,0.0,-0.66000003,10.0,3276.7,66
6,4185,2312,134851,2312,276454264671864,26444,28,38500,42.281849,-83.743881,226.89999,10.34,1.775,7.9999998E-2,20.01,-0.02,-2.0799999,10.0,3276.7,47
6,4185,2312,134851,2312,276454264771859,26444,29,38600,42.281849,-83.743881,226.89999,10.4,2.45,0.41999999,20.01,-3.9999999E-2,-1.04,10.0,3276.7,73
6,4185,2312,134851,2312,276454264871883,26444,30,38700,42.28186,-83.743881,226.89999,10.2,3.1875,-0.37,20.01,-0.02,1.09,10.0,3276.7,44
6,4185,2312,134851,2312,276454264971884,26444,31,38800,42.281872,-83.743881,226.8,10.38,1.8125,0.1,20.01,-0.16,-0.73000002,10.0,3276.7,53
6,4185,2312,134851,2312,276454265071841,26444,32,38900,42.281879,-83.743874,226.8,10.34,2.7125001,0.14,20.01,-0.16,0.25,10.0,-1422.1,48
6,4185,2312,134851,2312,276454265171870,26444,33,39000,42.281891,-83.743874,226.8,10.22,1.625,-0.36000001,20.01,-3.9999999E-2,-1.42,10.0,-1252.6,88
6,4185,2312,134851,2312,276454265271868,26444,34,39100,42.281898,-83.743874,226.8,10.34,1.925,0.0,20.01,0.0,-1.39,10.0,-1077.6,56
6,4185,2312,134851,2312,276454265371871,26444,35,39200,42.28191,-83.743874,226.8,10.36,1.9,0.27000001,20.01,0.0,-1.14,10.0,-938.0,59
6,4185,2312,134851,2312,276454265471865,26444,36,39300,42.281921,-83.743874,226.8,10.36,1.85,0.23999999,20.01,0.0,-0.91000003,10.0,-838.29999,78
6,4185,2312,134851,2312,276454265571888,26444,37,39400,42.281929,-83.743874,226.7,10.38,2.3,0.19,20.01,-5.9999999E-2,0.25,10.0,-807.20001,63
6,4185,2312,134851,2312,276454265671889,26444,38,39500,42.28194,-83.743874,226.7,10.3,2.3499999,-0.2,20.01,-0.16,0.88999999,10.0,-847.09998,43
6,4185,2312,134851,2312,276454265771883,26444,39,39600,42.28194,-83.743874,226.7,10.18,2.4124999,-0.72000003,20.01,-7.9999998E-2,1.16,10.0,-975.79999,40
6,4185,2312,134851,2312,276454265871887,26444,40,39700,42.28196,-83.743874,226.7,10.34,2.0875001,-5.0000001E-2,20.01,0.0,0.41,10.0,-1189.2,48
6,4185,2312,134851,2312,276454265971889,26444,41,39800,42.28196,-83.743874,226.7,10.32,2.3,0.13,20.01,0.0,0.38,10.0,3276.7,72
6,4185,2312,134851,2312,276454266071837,26444,42,39900,42.281971,-83.743874,226.7,10.3,2.7,0.16,20.01,0.0,1.0599999,10.0,3276.7,67
6,4185,2312,134851,2312,276454266171848,26444,43,40000,42.281979,-83.743874,226.7,10.22,2.4749999,-0.22,20.01,0.0,0.75999999,10.0,3276.7,82
6,4185,2312,134851,2312,276454266271886,26444,44,40100,42.28199,-83.743874,226.7,10.28,2.3499999,-5.9999999E-2,20.01,0.0,0.20999999,10.0,3276.7,84
6,4185,2312,134851,2312,276454266371887,26444,45,40200,42.282001,-83.743874,226.60001,10.18,2.25,-0.38,20.01,-0.18000001,-0.28999999,10.0,3276.7,52
6,4185,2312,134851,2312,276454266471882,26444,46,40300,42.282009,-83.743874,226.7,10.36,2.3625,0.30000001,20.01,-3.9999999E-2,-0.25,10.0,3276.7,49
6,4185,2312,134851,2312,276454266571885,26444,47,40400,42.282021,-83.743874,226.7,10.32,2.3499999,0.34,20.01,0.0,-0.2,10.0,3276.7,56
6,4185,2312,134851,2312,276454266671883,26444,48,40500,42.282028,-83.743874,226.7,10.28,2.4375,5.9999999E-2,20.01,0.0,9.9999998E-3,10.0,3276.7,78
6,4185,2312,134851,2312,276454266771886,26444,49,40600,42.28204,-83.743874,226.7,10.22,2.9000001,-0.28,20.01,0.0,1.01,10.0,3276.7,68
6,4185,2312,134851,2312,276454266871886,26444,50,40700,42.282051,-83.743874,226.7,10.28,2.7249999,-0.07,20.01,0.0,0.98000002,10.0,3276.7,50
6,4185,2312,134851,2312,276454266971882,26444,51,40800,42.282051,-83.743874,226.7,10.34,2.7249999,0.23,20.01,-3.9999999E-2,0.76999998,10.0,1428.8,57
6,4185,2312,134851,2312,276454267071881,26444,52,40900,42.28207,-83.743874,226.7,10.3,2.375,0.18000001,20.01,-5.9999999E-2,-0.16,10.0,1335.2,94
6,4185,2312,134851,2312,276454267171859,26444,53,41000,42.28207,-83.743874,226.60001,10.32,2.05,0.12,20.01,-0.18000001,-1.21,10.0,1445.9,46
6,4185,2312,134851,2312,276454267271881,26444,54,41100,42.282089,-83.743874,226.60001,10.18,3.3499999,-0.47999999,20.01,-0.18000001,1.01,10.0,1466.9,98
6,4185,2312,134851,2312,276454267371881,26444,55,41200,42.282089,-83.743874,226.60001,10.38,2.9375,0.19,20.01,-3.9999999E-2,1.12,10.0,1398.4,62
6,4185,2312,134851,2312,276454267471880,26444,56,41300,42.282101,-83.743874,226.60001,10.32,3.6624999,0.16,20.01,0.0,2.3699999,10.0,1168.9,40
6,4185,2312,134851,2312,276454267571883,26444,57,41400,42.282108,-83.743874,226.60001,10.24,2.8375001,-0.18000001,20.01,0.0,0.91000003,10.0,1008.1,50
6,4185,2312,134851,2312,276454267671876,26444,58,41500,42.28212,-83.743858,226.5,10.22,3.4124999,-0.36000001,20.01,0.0,1.14,10.0,881.5,72
6,4185,2312,134851,2312,276454267771882,26444,59,41600,42.282131,-83.743858,226.5,10.34,3.425,0.14,20.01,-7.9999998E-2,1.05,10.0,787.0,92
6,4185,2312,134851,2312,276454267871880,26444,60,41700,42.282139,-83.743858,226.5,10.16,3.5,-0.31999999,20.01,-3.9999999E-2,0.95999998,10.0,718.09998,92
6,4185,2312,134851,2312,276454267971877,26444,61,41800,42.28215,-83.743858,226.5,10.34,3.8,0.23999999,20.01,0.0,1.3099999,10.0,658.59998,100
6,4185,2312,134851,2312,276454268071865,26444,62,41900,42.282162,-83.743858,226.5,10.22,3.7,-0.07,20.01,0.0,1.01,10.0,614.90002,92
6,4185,2312,134851,2312,276454268171886,26444,63,42000,42.282169,-83.743858,226.5,10.28,3.5,3.9999999E-2,20.01,0.0,0.28999999,10.0,597.20001,62
6,4185,2312,134851,2312,276454268271930,26444,64,42100,42.282181,-83.743858,226.5,10.08,3.7,-0.66000003,20.01,0.0,0.25,10.0,598.59998,52
6,4185,2312,134851,2312,276454268371937,26444,65,42200,42.282181,-83.743858,226.5,10.02,3.7249999,-0.66000003,20.01,0.0,0.25,10.0,615.20001,57
6,4185,2312,134851,2312,276454268471887,26444,66,42300,42.2822,-83.743858,226.5,10.1,3.8875,-0.63,20.01,0.0,0.55000001,10.0,638.40002,80
6,4185,2312,134851,2312,276454268571877,26444,67,42400,42.2822,-83.743858,226.5,10.04,3.175,-0.58999997,20.01,-0.02,-0.77999997,10.0,704.90002,48
6,4185,2312,134851,2312,276454268671880,26444,68,42500,42.282211,-83.743851,226.5,10.16,3.8,0.07,20.01,-0.02,-7.9999998E-2,10.0,802.5,62
6,4185,2312,134851,2312,276454268771913,26444,69,42600,42.282219,-83.743851,226.60001,10.26,2.7375,0.75999999,20.01,0.0,-1.79,10.0,1041.2,42
6,4185,2312,134851,2312,276454268871857,26444,70,42700,42.28223,-83.743851,226.60001,10.2,2.5,0.54000002,20.01,0.0,-2.73,10.0,3276.7,36
6,4185,2312,134851,2312,276454268971885,26444,71,42800,42.282242,-83.743851,226.5,10.02,3.4000001,-0.50999999,20.01,-0.1,-0.91000003,10.0,3276.7,48
6,4185,2312,134851,2312,276454269071877,26444,72,42900,42.282249,-83.743851,226.5,9.8999996,3.2375,-1.21,20.01,-0.23999999,-0.16,10.0,3276.7,78
6,4185,2312,134851,2312,276454269171886,26444,73,43000,42.282261,-83.743851,226.5,10.02,2.925,-0.61000001,20.01,-0.2,-0.36000001,10.0,3276.7,52
6,4185,2312,134851,2312,276454269271737,26444,74,43100,42.282269,-83.743851,226.5,10.1,2.45,0.25,20.01,-3.9999999E-2,-1.3099999,10.0,-1256.0,86
6,4185,2312,134851,2312,276454269371839,26444,75,43200,42.28228,-83.743851,226.5,10.14,2.325,0.25,20.01,-3.9999999E-2,-1.3099999,10.0,-926.20001,94
6,4185,2312,134851,2312,276454269471882,26444,76,43300,42.28228,-83.743851,226.5,9.9200001,2.6624999,-0.20999999,20.01,0.0,-1.11,10.0,-748.09998,94
6,4185,2312,134851,2312,276454269571882,26444,77,43400,42.282299,-83.743851,226.39999,9.8400002,3.55,-0.57999998,20.01,-0.02,0.91000003,10.0,-694.20001,45
6,4185,2312,134851,2312,276454269671883,26444,78,43500,42.282299,-83.743851,226.39999,9.8400002,2.925,-0.57999998,20.01,-5.9999999E-2,0.52999997,10.0,-693.79999,43
6,4185,2312,134851,2312,276454269771909,26444,79,43600,42.28231,-83.743843,226.39999,9.8000002,3.2,-0.44999999,20.01,0.0,0.77999997,10.0,-743.90002,43
6,4185,2312,134851,2312,276454269871847,26444,80,43700,42.282318,-83.743843,226.39999,9.7799997,3.6624999,-0.33000001,20.01,0.0,1.65,10.0,-893.59998,40
6,4185,2312,134851,2312,276454269971850,26444,81,43800,42.28233,-83.743843,226.39999,9.6199999,4.1999998,-0.76999998,20.01,0.0,2.79,10.0,-1377.2,36
6,4185,2312,134851,2312,276454270071884,26444,82,43900,42.282341,-83.743843,226.39999,9.6400003,4.5374999,-0.56999999,20.01,0.0,3.47,10.0,3276.7,34
6,4185,2312,134851,2312,276454270171885,26444,83,44000,42.282341,-83.743843,226.39999,9.5799999,3.3499999,-0.47999999,20.01,0.0,0.82999998,10.0,3276.7,74
6,4185,2312,134851,2312,276454270271729,26444,84,44100,42.28236,-83.743843,226.3,9.6800003,2.8499999,0.12,20.01,-0.14,-1.63,10.0,3276.7,36
6,4185,2312,134851,2312,276454270371830,26444,85,44200,42.28236,-83.743843,226.3,9.6999998,2.675,0.12,20.01,-0.14,-1.63,10.0,1369.9,30
6,4185,2312,134851,2312,276454270471889,26444,86,44300,42.282372,-83.743843,226.3,9.8400002,2.4375,0.94,20.01,-0.2,-3.3299999,10.0,3276.7,25
6,4185,2312,134851,2312,276454270571868,26444,87,44400,42.282379,-83.743843,226.3,9.7200003,1.25,0.44999999,20.01,-7.9999998E-2,-5.8200002,9.0,3276.7,18
6,4185,2312,134851,2312,276454270671830,26444,88,44500,42.282391,-83.743843,226.3,9.7200003,0.69999999,0.1,20.01,0.0,-7.0100002,9.0,-1363.6,16
6,4185,2312,134851,2312,276454270771846,26444,89,44600,42.282398,-83.743843,226.2,9.8800001,1.0375,0.51999998,20.01,0.0,-5.5599999,9.0,-584.90002,26
6,4185,2312,134851,2312,276454270871789,26444,90,44700,42.28241,-83.743843,226.2,9.8400002,1.0375,0.38,20.01,-0.02,-3.76,9.0,-375.70001,48
6,4185,2312,134851,2312,276454270971816,26444,91,44800,42.282421,-83.743843,226.2,9.7200003,1.05,-0.34999999,20.01,0.0,-2.0999999,9.0,-288.89999,40
6,4185,2312,134851,2312,276454271071832,26444,92,44900,42.282421,-83.743843,226.2,9.6199999,1.75,-0.94,20.01,0.0,0.47,9.0,-253.10001,24
6,4185,2312,134851,2312,276454271171826,26444,93,45000,42.282429,-83.743843,226.2,9.4399996,2.0875001,-1.54,20.01,0.0,2.3199999,9.0,-246.3,14
6,4185,2312,134851,2312,276454271271828,26444,94,45100,42.28244,-83.743843,226.2,9.4799995,1.9375,-0.98000002,20.01,0.0,2.48,9.0,-259.70001,15
6,4185,2312,134851,2312,276454271371824,26444,95,45200,42.282452,-83.743843,226.10001,9.5,2.3125,-0.31,20.01,-0.1,2.8199999,9.0,-296.60001,21
6,4185,2312,134851,2312,276454271471818,26444,96,45300,42.282459,-83.743843,226.10001,9.1999998,2.4749999,-1.04,20.01,-0.16,2.75,9.0,-371.29999,30
6,4185,2312,134851,2312,276454271571817,26444,97,45400,42.282471,-83.743843,226.10001,9.3199997,2.4375,-0.47999999,20.01,-7.9999998E-2,2.0999999,9.0,-520.0,42
6,4185,2312,134851,2312,276454271671803,26444,98,45500,42.282471,-83.743843,226.10001,9.2799997,2.55,-0.23,20.01,0.0,1.6,9.0,-879.29999,98
6,4185,2312,134851,2312,276454271771792,26444,99,45600,42.282478,-83.743843,226.0,9.2399998,1.75,-0.13,20.01,-0.02,-0.50999999,9.0,3276.7,37
6,4185,2312,134851,2312,276454271871824,26444,100,45700,42.28249,-83.743843,226.10001,9.2200003,1.2,-0.12,20.01,0.0,-2.53,9.0,3276.7,26
6,4185,2312,134851,2312,276454271971817,26444,101,45800,42.282501,-83.743843,226.0,9.2600002,1.4,2.9999999E-2,20.01,0.0,-2.6600001,9.0,3276.7,24
6,4185,2312,134851,2312,276454272071833,26444,102,45900,42.282509,-83.743843,226.0,9.1800003,1.475,-0.23,20.01,0.0,-2.05,9.0,3276.7,30
6,4185,2312,134851,2312,276454272171818,26444,103,46000,42.28252,-83.743843,225.89999,9.04,1.8375,-0.77999997,20.01,-0.16,-0.64999998,9.0,3276.7,46
6,4185,2312,134851,2312,276454272271817,26444,104,46100,42.28252,-83.743843,225.89999,9.0799999,0.8125,-0.58999997,20.01,-0.12,-1.8200001,9.0,3276.7,62
6,4185,2312,134851,2312,276454272371810,26444,105,46200,42.282532,-83.743843,225.89999,9.1199999,1.4625,-9.0000004E-2,20.01,0.0,-0.76999998,9.0,3276.7,74
6,4185,2312,134851,2312,276454272471818,26444,106,46300,42.282539,-83.743843,225.89999,8.9200001,1.75,-0.61000001,20.01,0.0,0.46000001,9.0,3276.7,40
6,4185,2312,134851,2312,276454272571820,26444,107,46400,42.282551,-83.743843,225.89999,8.8999996,2.3,-0.64999998,20.01,0.0,2.03,9.0,3276.7,32
6,4185,2312,134851,2312,276454272671816,26444,108,46500,42.282551,-83.743843,225.89999,8.7200003,1.4,-1.12,20.01,0.0,0.64999998,9.0,3276.7,37
6,4185,2312,134851,2312,276454272771786,26444,109,46600,42.282558,-83.743843,225.89999,8.5799999,1.9625,-1.5,20.01,0.0,0.95999998,9.0,3276.7,42
6,4185,2312,134851,2312,276454272871819,26444,110,46700,42.28257,-83.743843,225.8,8.4799995,0.5,-1.4299999,20.01,-0.16,-1.92,9.0,3276.7,48
6,4185,2312,134851,2312,276454272971820,26444,111,46800,42.282581,-83.743843,225.8,8.3800001,2.7750001,-1.26,20.01,-0.22,1.45,9.0,3276.7,88
6,4185,2312,134851,2312,276454273071821,26444,112,46900,42.282589,-83.743843,225.8,8.5200005,1.9,-0.07,20.01,-0.1,1.14,9.0,3276.7,68
6,4185,2312,134851,2312,276454273171820,26444,113,47000,42.282589,-83.743828,225.89999,8.3999996,2.5,-0.02,20.01,0.0,1.91,9.0,3276.7,46
6,4185,2312,134851,2312,276454273271811,26444,114,47100,42.2826,-83.743828,225.8,8.2200003,2.2750001,-0.68000001,20.01,0.0,1.49,9.0,1386.4,49
6,4185,2312,134851,2312,276454273371865,26444,115,47200,42.282612,-83.743828,225.8,8.1599998,2.425,-0.68000001,20.01,0.0,1.49,9.0,943.79999,64
6,4185,2312,134851,2312,276454273471819,26444,116,47300,42.282619,-83.743828,225.8,8.4399996,2.575,0.16,20.01,0.0,1.58,9.0,711.29999,75
6,4185,2312,134851,2312,276454273571821,26444,117,47400,42.282619,-83.743828,225.89999,8.3800001,3.1875,0.2,20.01,0.0,2.5,9.0,551.29999,50
6,4185,2312,134851,2312,276454273671817,26444,118,47500,42.282631,-83.743828,225.89999,8.2399998,4.1999998,-0.41999999,20.01,0.0,4.46,9.0,416.20001,37
6,4185,2312,134851,2312,276454273771795,26444,119,47600,42.282639,-83.743828,225.8,8.2399998,4.0124998,-0.47999999,20.01,-0.1,4.1799998,9.0,323.0,36
6,4185,2312,134851,2312,276454273871819,26444,120,47700,42.28265,-83.743828,225.8,8.1000004,2.7,-0.88999999,20.01,-0.23999999,0.68000001,9.0,278.20001,71
6,4185,2312,134851,2312,276454273971814,26444,121,47800,42.28265,-83.743828,225.8,8.3400002,2.375,0.2,20.01,-0.16,-1.83,9.0,267.5,30
6,4185,2312,134851,2312,276454274071823,26444,122,47900,42.282661,-83.743828,225.8,8.46,1.475,1.1,20.01,-0.02,-4.4699998,9.0,293.5,15
6,4185,2312,134851,2312,276454274171818,26444,123,48000,42.282669,-83.743828,225.8,8.3199997,2.6875,0.49000001,20.01,0.0,-2.54,9.0,351.89999,22
6,4185,2312,134851,2312,276454274271638,26444,124,48100,42.282681,-83.743828,225.7,8.2399998,3.2750001,-0.23999999,20.01,-0.02,5.0000001E-2,9.0,435.39999,42
6,4185,2312,134851,2312,276454274371778,26444,125,48200,42.282681,-83.743828,225.7,8.2200003,3.2750001,-0.23999999,20.01,-0.02,5.0000001E-2,9.0,560.0,78
6,4185,2312,134851,2312,276454274471815,26444,126,48300,42.282688,-83.743828,225.8,8.1599998,3.55,-0.80000001,20.01,0.0,1.87,9.0,687.90002,36
6,4185,2312,134851,2312,276454274571811,26444,127,48400,42.2827,-83.74382,225.7,8.0,3.95,-1.39,20.01,0.0,3.1900001,9.0,725.90002,27
6,4185,2312,134851,2312,276454274671790,26444,0,48500,42.2827,-83.74382,225.7,7.98,2.5875001,-1.14,20.01,-0.02,0.54000002,9.0,763.20001,38
6,4185,2312,134851,2312,276454274771815,26444,1,48600,42.282711,-83.74382,225.7,8.04,3.0999999,-0.36000001,20.01,0.0,0.12,9.0,819.09998,72
6,4185,2312,134851,2312,276454274871816,26444,2,48700,42.282719,-83.74382,225.7,7.98,3.25,-0.15000001,20.01,0.0,0.18000001,9.0,891.79999,79
6,4185,2312,134851,2312,276454274971816,26444,3,48800,42.28273,-83.74382,225.7,7.6799998,2.45,-1.12,20.01,0.0,-1.36,9.0,1114.9,40
6,4185,2312,134851,2312,276454275071823,26444,4,48900,42.28273,-83.74382,225.7,7.7399998,3.5374999,-0.92000002,20.01,0.0,0.23999999,9.0,1416.9,48
6,4185,2312,134851,2312,276454275171826,26444,5,49000,42.282742,-83.74382,225.7,7.5,2.95,-1.41,20.01,0.0,-0.15000001,9.0,3276.7,58
6,4185,2312,134851,2312,276454275271643,26444,6,49100,42.282749,-83.74382,225.7,7.4400001,3.8499999,-1.27,20.01,0.0,1.4400001,9.0,3276.7,62
6,4185,2312,134851,2312,276454275371773,26444,7,49200,42.282749,-83.74382,225.7,7.3200002,4.0,-1.27,20.01,0.0,1.4400001,9.0,3276.7,46
6,4185,2312,134851,2312,276454275471813,26444,8,49300,42.282761,-83.74382,225.7,7.1799998,3.425,-1.73,20.01,0.0,1.12,9.0,3276.7,48
6,4185,2312,134851,2312,276454275571786,26444,9,49400,42.282761,-83.74382,225.7,7.0,3.3,-1.9299999,20.01,-0.02,0.47999999,9.0,1305.6,82
6,4185,2312,134851,2312,276454275671810,26444,10,49500,42.282768,-83.74382,225.60001,7.04,2.4625001,-1.12,20.01,-0.16,-1.54,9.0,1422.2,42
6,4185,2312,134851,2312,276454275771816,26444,11,49600,42.28278,-83.74382,225.5,6.8400002,2.8499999,-1.15,20.01,-0.31999999,-1.5,9.0,3276.7,38
6,4185,2312,134851,2312,276454275871815,26444,12,49700,42.28278,-83.74382,225.5,6.8000002,2.125,-0.85000002,20.01,-0.22,-2.5899999,9.0,3276.7,34
6,4185,2312,134851,2312,276454275971813,26444,13,49800,42.282791,-83.74382,225.5,6.6799998,2.375,-0.82999998,20.01,0.0,-2.1300001,9.0,3276.7,38
6,4185,2312,134851,2312,276454276071829,26444,14,49900,42.282791,-83.74382,225.5,6.5799999,2.4375,-0.93000001,20.01,0.0,-1.38,9.0,-1035.2,48
6,4185,2312,134851,2312,276454276171821,26444,15,50000,42.282799,-83.74382,225.60001,6.4400001,2.0875001,-1.15,20.01,0.0,-1.41,9.0,-671.90002,88
6,4185,2312,134851,2312,276454276271814,26444,16,50100,42.28281,-83.743813,225.5,6.1999998,2.8625,-1.6900001,20.01,0.0,0.36000001,9.0,-549.40002,44
6,4185,2312,134851,2312,276454276371867,26444,17,50200,42.28281,-83.743813,225.5,6.04,2.9000001,-1.6900001,20.01,0.0,0.36000001,9.0,-503.29999,38
6,4185,2312,134851,2312,276454276471784,26444,18,50300,42.282822,-83.743813,225.5,6.02,1.7125,-2.0,20.01,-0.02,-1.0700001,9.0,-463.20001,51
6,4185,2312,134851,2312,276454276571813,26444,19,50400,42.282822,-83.743813,225.5,5.8000002,3.0374999,-2.1800001,20.01,-0.16,1.0,9.0,-471.89999,42
6,4185,2312,134851,2312,276454276671817,26444,20,50500,42.282829,-83.743813,225.39999,5.5,2.45,-2.5999999,20.01,-0.30000001,0.69999999,9.0,-516.09998,44
6,4185,2312,134851,2312,276454276771834,26444,21,50600,42.282829,-83.743813,225.39999,5.6199999,3.7,-1.28,20.01,-0.22,2.8299999,9.0,-702.20001,36
6,4185,2312,134851,2312,276454276871831,26444,22,50700,42.282841,-83.743813,225.39999,5.3200002,2.7125001,-1.4,20.01,-0.02,1.42,9.0,-1244.1,42
6,4185,2312,134851,2312,276454276971837,26444,23,50800,42.282841,-83.743813,225.39999,5.3200002,3.3625,-0.91000003,20.01,0.0,1.71,9.0,3276.7,48
6,4185,2312,134851,2312,276454277071818,26444,24,50900,42.282848,-83.743813,225.39999,5.1399999,2.2125001,-1.03,20.01,0.0,-0.70999998,9.0,3276.7,47
6,4185,2312,134851,2312,276454277171817,26444,25,51000,42.282848,-83.743813,225.39999,5.0799999,2.95,-0.88999999,20.01,0.0,-0.34999999,9.0,1342.8,40
6,4185,2312,134851,2312,276454277271807,26444,26,51100,42.28286,-83.743813,225.39999,4.8400002,1.8375,-1.41,20.01,0.0,-2.27,9.0,1411.0,33
6,4185,2312,134851,2312,276454277371893,26444,27,51200,42.28286,-83.743813,225.39999,4.6999998,1.6125,-1.41,20.01,0.0,-2.27,9.0,3276.7,32
6,4185,2312,134851,2312,276454277471783,26444,28,51300,42.28286,-83.743813,225.39999,4.8400002,0.46250001,-1.0700001,20.01,0.0,-5.4499998,9.0,3276.7,24
6,4185,2312,134851,2312,276454277571831,26444,29,51400,42.282871,-83.743813,225.39999,4.6599998,0.80000001,-1.23,20.01,-3.9999999E-2,-5.3099999,9.0,-494.20001,24
6,4185,2312,134851,2312,276454277671838,26444,30,51500,42.282871,-83.743813,225.39999,4.54,0.15000001,-1.29,20.01,-3.9999999E-2,-5.4699998,9.0,-261.79999,30
6,4185,2312,134851,2312,276454277771846,26444,31,51600,42.282879,-83.743813,225.3,4.3600001,359.3125,-1.52,20.01,-0.18000001,-6.0999999,9.0,-167.60001,34
6,4185,2312,134851,2312,276454277871837,26444,32,51700,42.282879,-83.743813,225.3,4.4400001,359.5,-0.75,20.01,-0.18000001,-4.8499999,9.0,-123.0,47
6,4185,2312,134851,2312,276454277971867,26444,33,51800,42.28289,-83.743813,225.3,4.1999998,358.85001,-1.05,20.01,-3.9999999E-2,-4.5799999,9.0,-97.599998,91
6,4185,2312,134851,2312,276454278071829,26444,34,51900,42.28289,-83.743813,225.3,4.1599998,358.76251,-0.92000002,20.01,0.0,-3.7,9.0,-82.599998,44
6,4185,2312,134851,2312,276454278171838,26444,35,52000,42.28289,-83.743813,225.2,3.98,359.60001,-1.1799999,20.01,0.0,-0.92000002,9.0,-75.0,30
6,4185,2312,134851,2312,276454278271837,26444,36,52100,42.28289,-83.743813,225.2,3.8,359.70001,-1.5599999,20.01,-0.02,0.81,9.0,-72.900002,20
6,4185,2312,134851,2312,276454278371804,26444,37,52200,42.282902,-83.743813,225.2,3.7,0.1,-1.47,20.01,0.0,2.3,9.0,-75.900002,16
6,4185,2312,134851,2312,276454278471796,26444,38,52300,42.282902,-83.743813,225.2,3.78,0.60000002,-0.56999999,20.01,0.0,3.5799999,9.0,-85.199997,15
6,4185,2312,134851,2312,276454278571837,26444,39,52400,42.282909,-83.743813,225.2,3.52,359.95001,-0.94999999,20.01,0.0,2.24,9.0,-102.2,27
6,4185,2312,134851,2312,276454278671832,26444,40,52500,42.282909,-83.743813,225.10001,3.4000001,0.53750002,-1.22,20.01,-3.9999999E-2,2.28,9.0,-133.5,37
6,4185,2312,134851,2312,276454278771838,26444,41,52600,42.282909,-83.743813,225.10001,3.0799999,1.325,-2.1099999,20.01,-0.12,3.3900001,9.0,-211.10001,40
6,4185,2312,134851,2312,276454278871835,26444,42,52700,42.282909,-83.743813,225.2,3.02,1.6,-1.9,20.01,0.0,3.8,9.0,-617.29999,44
6,4185,2312,134851,2312,276454278971836,26444,43,52800,42.282921,-83.743813,225.2,3.0599999,2.675,-0.92000002,20.01,0.0,5.3699999,9.0,504.89999,38
6,4185,2312,134851,2312,276454279071839,26444,44,52900,42.282921,-83.743813,225.2,3.04,2.8875,-0.22,20.01,0.0,5.5100002,9.0,170.0,38
6,4185,2312,134851,2312,276454279171838,26444,45,53000,42.282921,-83.743813,225.10001,3.0,359.70001,3.9999999E-2,20.01,-0.12,-1.7,9.0,118.2,31
6,4185,2312,134851,2312,276454279271806,26444,46,53100,42.282921,-83.743813,225.10001,2.6800001,1.075,-1.11,20.01,-0.25999999,-2.26,9.0,102.8,18
6,4185,2312,134851,2312,276454279371836,26444,47,53200,42.282921,-83.743813,225.10001,2.6199999,1.55,-1.38,20.01,-0.18000001,-1.17,9.0,98.599998,22
6,4185,2312,134851,2312,276454279471840,26444,48,53300,42.282928,-83.743813,225.0,2.3399999,357.01251,-2.0799999,20.01,-0.16,-9.25,9.0,129.0,0
6,4185,2312,134851,2312,276454279571838,26444,49,53400,42.282928,-83.743813,225.10001,2.1400001,0.0625,-2.3299999,20.01,0.0,-5.48,9.0,246.7,10
6,4185,2312,134851,2312,276454279671836,26444,50,53500,42.282928,-83.743813,225.10001,2.0799999,2.0,-1.8200001,20.01,0.0,1.22,9.0,763.70001,91
6,4185,2312,134851,2312,276454279771833,26444,51,53600,42.282928,-83.743813,225.10001,2.1800001,3.575,-0.46000001,20.01,0.0,7.3699999,9.0,915.29999,5
6,4185,2312,134851,2312,276454279871825,26444,52,53700,42.28294,-83.743813,225.0,2.26,3.7375,0.62,20.01,-3.9999999E-2,9.2799997,9.0,299.60001,0
6,4185,2312,134851,2312,276454279971832,26444,53,53800,42.28294,-83.743813,225.10001,2.28,1.9625,0.92000002,20.01,-3.9999999E-2,4.96,9.0,158.10001,4
6,4185,2312,134851,2312,276454280071841,26444,54,53900,42.28294,-83.743813,225.10001,2.4000001,359.03751,1.15,20.01,0.0,-3.8499999,9.0,132.8,45
6,4185,2312,134851,2312,276454280171839,26444,55,54000,42.28294,-83.743813,225.10001,2.28,2.0625,0.34999999,20.01,0.0,-1.55,9.0,127.7,26
6,4185,2312,134851,2312,276454280271797,26444,56,54100,42.28294,-83.743797,225.10001,2.1800001,2.8125,-0.52999997,20.01,0.0,1.35,9.0,122.4,34
6,4185,2312,134851,2312,276454280371830,26444,57,54200,42.28294,-83.743797,225.10001,2.26,1.3125,-0.40000001,20.01,-0.02,-0.40000001,9.0,124.2,35
6,4185,2312,134851,2312,276454280471831,26444,58,54300,42.282951,-83.743797,225.0,2.28,1.4375,-0.1,20.01,-0.2,-0.94999999,9.0,134.5,36
6,4185,2312,134851,2312,276454280571911,26444,59,54400,42.282951,-83.743813,225.0,2.3199999,359.70001,0.22,20.01,-0.2,-4.4200001,9.0,180.5,25
6,4185,2312,134851,2312,276454280671836,26444,60,54500,42.282951,-83.743797,225.10001,2.24,1.35,0.0,20.01,0.0,-2.0599999,9.0,304.39999,34
6,4185,2312,134851,2312,276454280771838,26444,61,54600,42.282959,-83.743797,225.10001,2.2,2.75,-0.28,20.01,0.0,2.24,9.0,505.0,42
6,4185,2312,134851,2312,276454280871837,26444,62,54700,42.282959,-83.743797,225.10001,2.2,2.1500001,-0.25999999,20.01,0.0,2.75,9.0,619.09998,29
6,4185,2312,134851,2312,276454280971833,26444,63,54800,42.282959,-83.743797,225.10001,2.3199999,1.5,0.27000001,20.01,0.0,1.1900001,9.0,634.09998,33
6,4185,2312,134851,2312,276454281071834,26444,64,54900,42.282959,-83.743797,225.10001,2.24,1.45,0.1,20.01,-5.9999999E-2,9.0000004E-2,9.0,658.79999,46
6,4185,2312,134851,2312,276454281171832,26444,65,55000,42.282959,-83.743797,225.10001,2.26,3.0125,5.0000001E-2,20.01,-0.12,2.5899999,9.0,474.5,39
6,4185,2312,134851,2312,276454281271799,26444,66,55100,42.282959,-83.743797,225.10001,2.3,4.2624998,0.18000001,20.01,-0.1,5.7600002,9.0,249.60001,27
6,4185,2312,134851,2312,276454281371828,26444,67,55200,42.28297,-83.743797,225.10001,2.26,1.4875,9.9999998E-3,20.01,-3.9999999E-2,0.77999997,9.0,178.8,50
6,4185,2312,134851,2312,276454281471830,26444,68,55300,42.28297,-83.743797,225.10001,2.1199999,3.175,-0.62,20.01,0.0,1.46,9.0,141.10001,77
6,4185,2312,134851,2312,276454281571834,26444,69,55400,42.28297,-83.743797,225.0,2.0599999,2.425,-0.85000002,20.01,-0.12,5.0000001E-2,9.0,124.2,39
6,4185,2312,134851,2312,276454281671828,26444,70,55500,42.28297,-83.743797,225.0,2.0599999,4.3499999,-0.63999999,20.01,-0.12,3.0999999,9.0,105.9,89
6,4185,2312,134851,2312,276454281771822,26444,71,55600,42.28297,-83.743797,225.0,2.02,1.6625,-0.44,20.01,-0.02,-1.23,9.0,101.3,37
6,4185,2312,134851,2312,276454281871815,26444,72,55700,42.28297,-83.743797,225.0,1.96,2.6125,-0.41999999,20.01,0.0,-1.28,9.0,105.5,33
6,4185,2312,134851,2312,276454281971820,26444,73,55800,42.282982,-83.743797,225.0,2.0,3.9625001,-0.11,20.01,0.0,1.5700001,9.0,107.4,60
6,4185,2312,134851,2312,276454282071840,26444,74,55900,42.282982,-83.743797,225.0,2.1400001,3.1875,0.58999997,20.01,0.0,1.15,9.0,108.9,85
6,4185,2312,134851,2312,276454282171805,26444,75,56000,42.282982,-83.743797,225.0,2.0,2.4749999,0.17,20.01,0.0,-0.64999998,9.0,116.7,68
6,4185,2312,134851,2312,276454282271804,26444,76,56100,42.282982,-83.743797,225.0,2.0599999,4.5875001,0.15000001,20.01,0.0,2.6800001,9.0,116.8,44
6,4185,2312,134851,2312,276454282371829,26444,77,56200,42.28299,-83.743797,225.0,2.1600001,5.0625,0.47999999,20.01,-0.02,4.75,9.0,104.5,30
6,4185,2312,134851,2312,276454282471820,26444,78,56300,42.28299,-83.743797,225.0,2.04,5.5,-7.9999998E-2,20.01,-3.9999999E-2,5.6999998,9.0,85.300003,24
6,4185,2312,134851,2312,276454282571820,26444,79,56400,42.28299,-83.743797,225.0,2.1199999,5.6999998,5.0000001E-2,20.01,-0.02,5.4299998,9.0,68.599998,27
6,4185,2312,134851,2312,276454282671815,26444,80,56500,42.28299,-83.743797,225.0,2.2,9.3000002,0.41,20.01,0.0,11.28,9.0,51.5,10
6,4185,2312,134851,2312,276454282771820,26444,81,56600,42.28299,-83.743797,224.89999,2.48,4.5250001,1.45,20.01,-0.14,2.6400001,9.0,43.0,47
6,4185,2312,134851,2312,276454282871815,26444,82,56700,42.283001,-83.743797,225.0,2.78,2.425,2.55,20.01,0.0,-6.23,9.0,41.299999,4
6,4185,2312,134851,2312,276454282971814,26444,83,56800,42.283001,-83.743797,224.89999,3.02,4.1750002,2.98,20.01,-0.02,-5.9899998,9.0,43.599998,0
6,4185,2312,134851,2312,276454283071826,26444,84,56900,42.283001,-83.743797,224.89999,3.1600001,5.7874999,2.5599999,20.01,-0.02,-1.5599999,9.0,48.0,10
6,4185,2312,134851,2312,276454283171816,26444,85,57000,42.283001,-83.743797,224.89999,3.26,6.9749999,1.71,20.01,0.0,3.25,9.0,52.599998,69
6,4185,2312,134851,2312,276454283271790,26444,86,57100,42.283009,-83.743797,224.89999,3.48,5.0,1.55,20.01,0.0,1.13,9.0,58.400002,44
6,4185,2312,134851,2312,276454283371915,26444,87,57200,42.283009,-83.743797,224.89999,3.6400001,5.1125002,1.55,20.01,0.0,1.13,9.0,65.800003,38
6,4185,2312,134851,2312,276454283471822,26444,88,57300,42.283009,-83.743797,224.89999,3.48,3.8875,0.88999999,20.01,0.0,-2.29,9.0,78.400002,78
6,4185,2312,134851,2312,276454283571818,26444,89,57400,42.28302,-83.743797,224.89999,3.6199999,0.4375,0.80000001,20.01,0.0,-10.27,9.0,115.6,10
6,4185,2312,134851,2312,276454283671823,26444,90,57500,42.28302,-83.743797,224.89999,3.8800001,355.85001,1.48,20.01,0.0,-21.17,9.0,551.70001,0
6,4185,2312,134851,2312,276454283771819,26444,91,57600,42.28302,-83.743797,224.8,3.8,357.03751,0.86000001,20.01,-0.14,-20.1,9.0,-145.3,0
6,4185,2312,134851,2312,276454283871819,26444,92,57700,42.283031,-83.743797,224.8,3.8599999,354.16251,0.46000001,20.01,-0.18000001,-21.25,9.0,-59.099998,0
6,4185,2312,134851,2312,276454283971817,26444,93,57800,42.283031,-83.743797,224.8,3.9200001,353.1875,0.36000001,20.01,-5.9999999E-2,-19.58,9.0,-36.599998,0
6,4185,2312,134851,2312,276454284071825,26444,94,57900,42.283039,-83.743797,224.89999,3.9000001,351.38751,0.12,20.01,0.0,-18.450001,9.0,-26.6,24
6,4185,2312,134851,2312,276454284171861,26444,95,58000,42.283039,-83.743813,224.8,4.0799999,348.53751,0.62,20.01,0.0,-19.85,10.0,-21.1,38

