12,15796,2726,3195161,2726,292793174549820,-2611,104,48400,42.283081,-83.743721,218.2,6.8000002,285.64999,1.28,20.01,0.0,3.8499999,6.0,39.0,20
12,15796,2726,3195161,2726,292793174649777,-2611,105,48500,42.283089,-83.743729,218.2,6.9400001,285.70001,1.3200001,20.01,0.0,2.78,6.0,40.099998,18
12,15796,2726,3195161,2726,292793174749809,-2611,106,48600,42.283089,-83.743736,218.2,7.1799998,286.20001,1.48,20.01,0.0,2.6800001,6.0,42.200001,24
12,15796,2726,3195161,2726,292793174849774,-2611,107,48700,42.283089,-83.743736,218.2,7.3600001,286.23749,1.59,20.01,0.0,2.1700001,6.0,45.299999,30
12,15796,2726,3195161,2726,292793174949789,-2611,108,48800,42.2831,-83.743759,218.2,7.5,286.1875,1.61,20.01,0.0,1.39,6.0,49.599998,33
12,15796,2726,3195161,2726,292793175049773,-2611,109,48900,42.2831,-83.743767,218.2,7.6399999,285.9375,1.6,20.01,0.0,0.25,6.0,55.799999,34
12,15796,2726,3195161,2726,292793175149811,-2611,110,49000,42.2831,-83.743767,218.2,7.8800001,286.76251,1.6900001,20.01,0.0,1.25,6.0,64.0,42
12,15796,2726,3195161,2726,292793175249740,-2611,111,49100,42.2831,-83.743782,218.2,8.0200005,286.625,1.6900001,20.01,0.0,1.23,6.0,75.0,66
12,15796,2726,3195161,2726,292793175349774,-2611,112,49200,42.2831,-83.743797,218.2,8.2200003,286.625,1.75,20.01,0.0,0.98000002,6.0,89.900002,88
12,15796,2726,3195161,2726,292793175449813,-2611,113,49300,42.283112,-83.743797,218.10001,8.3999996,285.97501,1.77,20.01,0.0,-0.60000002,6.0,112.0,48
12,15796,2726,3195161,2726,292793175549773,-2611,114,49400,42.283112,-83.743813,218.10001,8.54,285.79999,1.73,20.01,-0.02,-1.61,6.0,148.10001,38
12,15796,2726,3195161,2726,292793175649805,-2611,115,49500,42.283112,-83.743828,218.10001,8.6199999,285.46249,1.55,20.01,-0.02,-2.4400001,6.0,216.89999,35
12,15796,2726,3195161,2726,292793175749771,-2611,116,49600,42.283112,-83.743843,218.10001,8.7600002,285.39999,1.46,20.01,0.0,-2.49,6.0,389.5,36
12,15796,2726,3195161,2726,292793175849792,-2611,117,49700,42.283119,-83.743851,218.10001,8.8800001,285.29999,1.39,20.01,0.0,-2.23,6.0,1439.9,40
12,15796,2726,3195161,2726,292793175949791,-2611,118,49800,42.283119,-83.743858,218.0,9.0200005,284.8125,1.37,20.01,0.0,-2.6099999,6.0,-998.59998,46
12,15796,2726,3195161,2726,292793176049810,-2611,119,49900,42.283119,-83.743874,218.0,9.0799999,284.5,1.26,20.01,-0.02,-2.9000001,6.0,-397.60001,48
12,15796,2726,3195161,2726,292793176149746,-2611,120,50000,42.283119,-83.743881,218.0,9.2200003,283.79999,1.23,20.01,0.0,-3.8399999,6.0,-257.10001,44
12,15796,2726,3195161,2726,292793176249764,-2611,121,50100,42.283119,-83.743889,218.0,9.2600002,283.4375,1.09,20.01,0.0,-4.2800002,6.0,-194.8,42
12,15796,2726,3195161,2726,292793176349891,-2611,122,50201,42.283119,-83.743896,218.0,9.3599997,283.0,1.09,20.01,0.0,-4.2800002,6.0,-160.60001,44
12,15796,2726,3195161,2726,292793176449783,-2611,123,50300,42.283131,-83.743912,218.0,9.2799997,282.9375,0.88999999,20.01,0.0,-4.6300001,6.0,-139.2,46
12,15796,2726,3195161,2726,292793176549912,-2611,124,50400,42.283131,-83.743927,218.0,9.3599997,282.0625,0.82999998,20.01,0.0,-5.5999999,6.0,-124.0,42
12,15796,2726,3195161,2726,292793176649946,-2611,125,50500,42.283131,-83.743927,218.0,9.3800001,281.48749,0.69,20.01,0.0,-6.1199999,6.0,-112.6,40
12,15796,2726,3195161,2726,292793176749874,-2611,126,50600,42.283131,-83.74395,217.89999,9.3599997,281.13751,0.52999997,20.01,0.0,-5.8600001,6.0,-104.1,44
12,15796,2726,3195161,2726,292793176849794,-2611,127,50700,42.283131,-83.743958,217.89999,9.4200001,280.8125,0.46000001,20.01,0.0,-5.21,6.0,-98.199997,73
12,15796,2726,3195161,2726,292793176949867,-2611,0,50800,42.283131,-83.743973,217.89999,9.5,280.26251,0.49000001,20.01,0.0,-4.9499998,6.0,-94.199997,85
12,15796,2726,3195161,2726,292793177049877,-2611,1,50900,42.283131,-83.74398,217.89999,9.5799999,279.75,0.54000002,20.01,0.0,-4.8699999,6.0,-91.800003,64
12,15796,2726,3195161,2726,292793177149779,-2611,2,51000,42.283131,-83.744003,217.8,9.6800003,279.54999,0.63,20.01,0.0,-4.25,6.0,-90.800003,47
12,15796,2726,3195161,2726,292793177249789,-2611,3,51100,42.283131,-83.744003,217.8,9.6800003,279.36249,0.56999999,20.01,0.0,-3.48,6.0,-91.400002,41
12,15796,2726,3195161,2726,292793177349838,-2611,4,51200,42.283138,-83.744019,217.7,9.6999998,279.1875,0.49000001,20.01,-0.02,-2.77,6.0,-93.599998,38
12,15796,2726,3195161,2726,292793177449835,-2611,5,51300,42.283138,-83.744034,217.8,9.9799995,278.02499,0.79000002,20.01,0.0,-4.1399999,6.0,-96.599998,49
12,15796,2726,3195161,2726,292793177549877,-2611,6,51400,42.283138,-83.744041,217.7,10.0,277.4375,0.83999997,20.01,0.0,-5.1599998,6.0,-99.5,72
12,15796,2726,3195161,2726,292793177649873,-2611,7,51500,42.283138,-83.744057,217.7,10.12,276.96249,0.88999999,20.01,0.0,-5.5799999,6.0,-102.2,44
12,15796,2726,3195161,2726,292793177749936,-2611,8,51600,42.283138,-83.744057,217.60001,10.18,276.96249,0.88999999,20.01,0.0,-4.6900001,7.0,-105.1,49
12,15796,2726,3195161,2726,292793177849921,-2611,9,51700,42.283138,-83.74408,217.60001,10.22,276.70001,0.79000002,20.01,0.0,-3.8599999,7.0,-108.7,100
12,15796,2726,3195161,2726,292793177949838,-2611,10,51800,42.283138,-83.744087,217.5,10.38,276.38751,0.88999999,20.01,-0.02,-3.3099999,7.0,-113.3,50
12,15796,2726,3195161,2726,292793178049881,-2611,11,51900,42.283138,-83.744102,217.5,10.44,276.22501,0.87,20.01,-0.02,-2.7,7.0,-119.4,42
12,15796,2726,3195161,2726,292793178149888,-2611,12,52000,42.283138,-83.744118,217.39999,10.52,276.02499,0.87,20.01,-0.02,-2.26,7.0,-127.3,39
12,15796,2726,3195161,2726,292793178249819,-2611,13,52100,42.283138,-83.744133,217.39999,10.62,275.8125,0.88,20.01,-0.02,-2.01,7.0,-137.2,40
12,15796,2726,3195161,2726,292793178349889,-2611,14,52200,42.283138,-83.744148,217.3,10.58,275.29999,0.69999999,20.01,-0.02,-2.51,7.0,-148.8,47
12,15796,2726,3195161,2726,292793178449925,-2611,15,52300,42.283138,-83.744164,217.3,10.64,275.02499,0.61000001,20.01,0.0,-2.79,7.0,-161.39999,80
12,15796,2726,3195161,2726,292793178549928,-2611,16,52400,42.28315,-83.744171,217.3,10.74,275.04999,0.63999999,20.01,0.0,-2.3299999,7.0,-175.60001,87
12,15796,2726,3195161,2726,292793178649926,-2611,17,52500,42.28315,-83.744186,217.3,10.78,274.85001,0.60000002,20.01,0.0,-2.05,7.0,-192.0,82
12,15796,2726,3195161,2726,292793178749923,-2611,18,52600,42.28315,-83.744186,217.3,10.8,274.85001,0.54000002,20.01,0.0,-1.5,7.0,-211.60001,62
12,15796,2726,3195161,2726,292793178849921,-2611,19,52700,42.28315,-83.744209,217.2,10.8,274.95001,0.43000001,20.01,0.0,-0.73000002,7.0,-237.0,46
12,15796,2726,3195161,2726,292793178949841,-2611,20,52800,42.28315,-83.744217,217.2,10.94,274.38751,0.54000002,20.01,0.0,-1.3200001,7.0,-267.29999,50
12,15796,2726,3195161,2726,292793179049841,-2611,21,52900,42.28315,-83.74424,217.2,10.96,274.39999,0.52999997,20.01,0.0,-1.3200001,7.0,-302.79999,70
12,15796,2726,3195161,2726,292793179149879,-2611,22,53000,42.28315,-83.744247,217.2,10.96,274.35001,0.43000001,20.01,0.0,-1.17,7.0,-344.60001,80
12,15796,2726,3195161,2726,292793179249819,-2611,23,53100,42.28315,-83.744263,217.2,11.0,274.52499,0.41,20.01,0.0,-0.51999998,7.0,-398.20001,63
12,15796,2726,3195161,2726,292793179349922,-2611,24,53200,42.28315,-83.744278,217.2,11.0,274.39999,0.31999999,20.01,0.0,-0.34999999,7.0,-469.20001,56
12,15796,2726,3195161,2726,292793179449925,-2611,25,53300,42.28315,-83.744293,217.10001,11.2,274.10001,0.54000002,20.01,0.0,-0.75999999,7.0,-557.0,76
12,15796,2726,3195161,2726,292793179549920,-2611,26,53400,42.28315,-83.744308,217.10001,11.24,274.38751,0.60000002,20.01,0.0,-0.27000001,7.0,-675.90002,72
12,15796,2726,3195161,2726,292793179649921,-2611,27,53500,42.28315,-83.744324,217.10001,11.38,274.20001,0.73000002,20.01,0.0,-0.34,7.0,-837.20001,78
12,15796,2726,3195161,2726,292793179749908,-2611,28,53600,42.28315,-83.744331,217.10001,11.38,274.3125,0.68000001,20.01,0.0,-7.9999998E-2,7.0,-1075.5,75
12,15796,2726,3195161,2726,292793179849908,-2611,29,53700,42.28315,-83.744347,217.10001,11.38,273.70001,0.56,20.01,0.0,-1.12,7.0,-1341.5,80
12,15796,2726,3195161,2726,292793179949850,-2611,30,53800,42.28315,-83.744362,217.0,11.48,273.64999,0.56999999,20.01,0.0,-1.53,7.0,3276.7,49
12,15796,2726,3195161,2726,292793180049842,-2611,31,53900,42.28315,-83.744377,217.0,11.46,273.58749,0.47,20.01,0.0,-1.55,7.0,3276.7,48
12,15796,2726,3195161,2726,292793180149873,-2611,32,54000,42.28315,-83.744392,217.0,11.5,273.39999,0.41999999,20.01,0.0,-1.61,7.0,-1452.9,49
12,15796,2726,3195161,2726,292793180249815,-2611,33,54100,42.28315,-83.7444,217.0,11.48,273.46249,0.31,20.01,0.0,-1.21,7.0,-1301.6,74
12,15796,2726,3195161,2726,292793180349883,-2611,34,54200,42.28315,-83.744423,217.0,11.52,273.26251,0.28,20.01,0.0,-1.16,7.0,-1153.9,96
12,15796,2726,3195161,2726,292793180449868,-2611,35,54300,42.283161,-83.744431,216.89999,11.56,273.28751,0.27000001,20.01,0.0,-0.87,7.0,-1040.6,81
12,15796,2726,3195161,2726,292793180549833,-2611,36,54400,42.283161,-83.744453,216.89999,11.6,273.11249,0.28999999,20.01,0.0,-0.88999999,7.0,-952.70001,74
12,15796,2726,3195161,2726,292793180649824,-2611,37,54500,42.283161,-83.744461,216.89999,11.56,273.0,0.20999999,20.01,0.0,-0.94,7.0,-882.29999,78
12,15796,2726,3195161,2726,292793180749865,-2611,38,54600,42.283161,-83.744476,216.89999,11.56,272.95001,0.14,20.01,0.0,-0.89999998,7.0,-827.70001,82
12,15796,2726,3195161,2726,292793180849865,-2611,39,54700,42.283161,-83.744476,216.89999,11.62,273.16251,0.17,20.01,0.0,-0.27000001,7.0,-806.09998,64
12,15796,2726,3195161,2726,292793180949826,-2611,40,54800,42.283161,-83.744499,216.8,11.64,272.9375,0.20999999,20.01,0.0,-0.34999999,7.0,-804.90002,64
12,15796,2726,3195161,2726,292793181049827,-2611,41,54900,42.283161,-83.744507,216.8,11.58,272.77499,9.0000004E-2,20.01,0.0,-0.63999999,7.0,-810.09998,83
12,15796,2726,3195161,2726,292793181149800,-2611,42,55000,42.283161,-83.74453,216.7,11.68,273.0,0.19,20.01,-0.02,-0.22,7.0,-835.09998,79
12,15796,2726,3195161,2726,292793181249835,-2611,43,55100,42.283161,-83.744537,216.7,11.64,272.8125,0.14,20.01,-0.02,-0.33000001,7.0,-874.29999,86
12,15796,2726,3195161,2726,292793181349833,-2611,44,55200,42.283161,-83.74456,216.7,11.64,272.85001,0.1,20.01,0.0,-0.23,7.0,-931.29999,88
12,15796,2726,3195161,2726,292793181449855,-2611,45,55300,42.283161,-83.744583,216.60001,11.64,272.4375,5.0000001E-2,20.01,-0.02,-0.95999998,7.0,-970.20001,80
12,15796,2726,3195161,2726,292793181549824,-2611,46,55400,42.283161,-83.744583,216.60001,11.74,272.375,0.17,20.01,0.0,-1.25,7.0,-975.70001,57
12,15796,2726,3195161,2726,292793181649823,-2611,47,55500,42.283161,-83.744598,216.60001,11.66,272.47501,7.9999998E-2,20.01,0.0,-0.94999999,7.0,-966.90002,66
12,15796,2726,3195161,2726,292793181749863,-2611,48,55600,42.283161,-83.744614,216.60001,11.7,272.25,9.0000004E-2,20.01,0.0,-1.0700001,7.0,-942.40002,72
12,15796,2726,3195161,2726,292793181849826,-2611,49,55700,42.283161,-83.744629,216.5,11.74,272.72501,0.14,20.01,0.0,9.9999998E-3,7.0,-956.70001,76
12,15796,2726,3195161,2726,292793181949849,-2611,50,55800,42.283161,-83.744637,216.5,11.74,272.36249,0.15000001,20.01,0.0,-0.15000001,7.0,-995.70001,62
12,15796,2726,3195161,2726,292793182049795,-2611,51,55900,42.283161,-83.744659,216.39999,11.76,272.54999,0.15000001,20.01,0.0,0.14,7.0,-1075.9,51
12,15796,2726,3195161,2726,292793182149823,-2611,52,56000,42.283161,-83.744667,216.39999,11.74,272.67499,0.11,20.01,0.0,0.50999999,7.0,-1232.8,48
12,15796,2726,3195161,2726,292793182249820,-2611,53,56100,42.283161,-83.744682,216.39999,11.72,272.89999,2.9999999E-2,20.01,0.0,1.03,7.0,3276.7,45
12,15796,2726,3195161,2726,292793182349824,-2611,54,56200,42.283161,-83.744698,216.3,11.72,273.0,9.9999998E-3,20.01,0.0,1.27,7.0,3276.7,44
12,15796,2726,3195161,2726,292793182449831,-2611,55,56300,42.283161,-83.744713,216.3,11.78,273.04999,0.07,20.01,0.0,1.24,7.0,3276.7,48
12,15796,2726,3195161,2726,292793182549830,-2611,56,56400,42.283161,-83.744728,216.3,11.76,273.0,5.0000001E-2,20.01,0.0,0.88999999,7.0,3276.7,72
12,15796,2726,3195161,2726,292793182649828,-2611,57,56500,42.283161,-83.744743,216.3,11.78,273.02499,0.07,20.01,0.0,0.60000002,7.0,3276.7,94
12,15796,2726,3195161,2726,292793182749827,-2611,58,56600,42.283169,-83.744759,216.3,11.7,273.04999,-2.9999999E-2,20.01,0.0,0.38999999,7.0,3276.7,71
12,15796,2726,3195161,2726,292793182849821,-2611,59,56700,42.283169,-83.744766,216.2,11.74,273.10001,-2.9999999E-2,20.01,0.0,0.28999999,7.0,1447.5,62
12,15796,2726,3195161,2726,292793182949797,-2611,60,56800,42.283169,-83.744781,216.2,11.8,273.28751,0.07,20.01,0.0,0.56,7.0,1222.6,74
12,15796,2726,3195161,2726,292793183049821,-2611,61,56900,42.283169,-83.744797,216.2,11.82,273.33749,0.14,20.01,0.0,0.67000002,7.0,1080.0,90
12,15796,2726,3195161,2726,292793183149820,-2611,62,57000,42.283169,-83.744812,216.2,11.76,273.375,5.9999999E-2,20.01,0.0,0.68000001,7.0,985.0,100
12,15796,2726,3195161,2726,292793183249825,-2611,63,57100,42.283169,-83.744827,216.2,11.74,273.14999,0.0,20.01,0.0,0.1,7.0,946.0,82
12,15796,2726,3195161,2726,292793183349828,-2611,64,57200,42.283169,-83.744843,216.10001,11.74,273.01251,-2.9999999E-2,20.01,0.0,-0.44999999,7.0,970.09998,55
12,15796,2726,3195161,2726,292793183449825,-2611,65,57300,42.283169,-83.744858,216.10001,11.78,273.21249,0.0,20.01,0.0,-0.25,7.0,1040.2,58
12,15796,2726,3195161,2726,292793183549821,-2611,66,57400,42.283169,-83.744873,216.10001,11.78,273.14999,9.9999998E-3,20.01,0.0,-0.22,7.0,1160.8,69
12,15796,2726,3195161,2726,292793183649826,-2611,67,57500,42.283169,-83.744888,216.0,11.8,273.52499,5.0000001E-2,20.01,0.0,0.55000001,7.0,1281.5,88
12,15796,2726,3195161,2726,292793183749859,-2611,68,57600,42.283169,-83.744904,216.10001,11.74,273.04999,-9.9999998E-3,20.01,0.0,-0.1,7.0,1463.0,96
12,15796,2726,3195161,2726,292793183849835,-2611,69,57700,42.283169,-83.744911,216.0,11.8,272.97501,3.9999999E-2,20.01,0.0,-0.54000002,7.0,3276.7,82
12,15796,2726,3195161,2726,292793183949861,-2611,70,57800,42.283169,-83.744926,216.0,11.82,272.97501,0.07,20.01,0.0,-0.64999998,7.0,3276.7,70
12,15796,2726,3195161,2726,292793184049866,-2611,71,57900,42.28318,-83.744942,216.0,11.82,273.10001,9.0000004E-2,20.01,0.0,-0.33000001,7.0,3276.7,83
12,15796,2726,3195161,2726,292793184149829,-2611,72,58000,42.28318,-83.744957,216.0,11.8,272.92499,5.0000001E-2,20.01,0.0,-0.44999999,7.0,3276.7,88
12,15796,2726,3195161,2726,292793184249822,-2611,73,58100,42.28318,-83.744972,216.0,11.78,272.72501,0.0,20.01,0.0,-0.81,7.0,3276.7,78
12,15796,2726,3195161,2726,292793184349870,-2611,74,58200,42.28318,-83.744987,216.0,11.82,272.77499,3.9999999E-2,20.01,0.0,-0.74000001,7.0,3276.7,80
12,15796,2726,3195161,2726,292793184449904,-2611,75,58300,42.28318,-83.745003,215.89999,11.84,272.78751,7.9999998E-2,20.01,0.0,-0.52999997,7.0,3276.7,94
12,15796,2726,3195161,2726,292793184549942,-2611,76,58400,42.28318,-83.74501,215.89999,11.86,272.51251,0.11,20.01,0.0,-0.86000001,7.0,3276.7,88
12,15796,2726,3195161,2726,292793184649853,-2611,77,58500,42.28318,-83.745033,215.89999,11.88,272.47501,0.12,20.01,0.0,-0.92000002,7.0,-1413.5,86
12,15796,2726,3195161,2726,292793184749862,-2611,78,58600,42.28318,-83.745041,215.89999,11.82,272.28751,0.02,20.01,0.0,-1.15,7.0,-1160.1,78
12,15796,2726,3195161,2726,292793184849832,-2611,79,58700,42.28318,-83.745064,215.8,11.88,272.28751,0.07,20.01,0.0,-1.03,7.0,-991.79999,83
12,15796,2726,3195161,2726,292793184949877,-2611,80,58800,42.28318,-83.745071,215.8,11.88,272.1875,5.9999999E-2,20.01,0.0,-0.97000003,7.0,-877.29999,92
12,15796,2726,3195161,2726,292793185049863,-2611,81,58900,42.28318,-83.745087,215.8,11.86,272.20001,2.9999999E-2,20.01,0.0,-0.73000002,7.0,-804.5,93
12,15796,2726,3195161,2726,292793185149818,-2611,82,59000,42.28318,-83.745102,215.8,11.86,272.07501,9.9999998E-3,20.01,0.0,-0.69999999,7.0,-758.5,86
12,15796,2726,3195161,2726,292793185249821,-2611,83,59100,42.28318,-83.745117,215.8,11.86,272.28751,0.0,20.01,0.0,-0.14,7.0,-746.0,63
12,15796,2726,3195161,2726,292793185349864,-2611,84,59200,42.28318,-83.745132,215.8,11.9,272.13751,5.0000001E-2,20.01,0.0,-0.13,7.0,-758.20001,58
12,15796,2726,3195161,2726,292793185449858,-2611,85,59300,42.28318,-83.74514,215.8,11.92,271.73749,9.0000004E-2,20.01,0.0,-0.87,7.0,-769.0,94
12,15796,2726,3195161,2726,292793185549864,-2611,86,59400,42.28318,-83.745163,215.7,11.84,271.86249,0.0,20.01,0.0,-0.81999999,7.0,-779.59998,90
12,15796,2726,3195161,2726,292793185649862,-2611,87,59500,42.28318,-83.745171,215.7,11.84,271.85001,-5.9999999E-2,20.01,0.0,-0.64999998,7.0,-795.09998,90
12,15796,2726,3195161,2726,292793185749855,-2611,88,59600,42.28318,-83.745193,215.7,11.86,271.79999,-3.9999999E-2,20.01,0.0,-0.56,7.0,-817.79999,96
12,15796,2726,3195161,2726,292793185849836,-2611,89,59700,42.28318,-83.745201,215.7,11.86,271.53751,-9.9999998E-3,20.01,0.0,-0.91000003,7.0,-834.0,86
12,15796,2726,3195161,2726,292793185949887,-2611,90,59800,42.28318,-83.745216,215.60001,11.84,271.79999,-0.02,20.01,0.0,-0.38,7.0,-863.5,95
12,15796,2726,3195161,2726,292793186049864,-2611,91,59900,42.28318,-83.745232,215.60001,11.82,271.33749,-5.0000001E-2,20.01,0.0,-0.95999998,7.0,-881.70001,90
12,15796,2726,3195161,2726,292793186149825,-2611,92,0,42.28318,-83.745247,215.60001,11.84,271.04999,-0.02,20.01,0.0,-1.62,7.0,-863.20001,58
12,15796,2726,3195161,2726,292793186249823,-2611,93,100,42.28318,-83.745247,215.60001,11.82,271.22501,-3.9999999E-2,20.01,0.0,-1.28,7.0,-831.0,64
12,15796,2726,3195161,2726,292793186349868,-2611,94,200,42.28318,-83.74527,215.60001,11.8,271.0625,-0.07,20.01,0.0,-1.17,7.0,-795.09998,78
12,15796,2726,3195161,2726,292793186449825,-2611,95,300,42.28318,-83.745293,215.5,11.82,270.66251,-5.0000001E-2,20.01,0.0,-1.67,7.0,-744.59998,70
12,15796,2726,3195161,2726,292793186549871,-2611,96,400,42.28318,-83.7453,215.5,11.8,270.53751,-5.0000001E-2,20.01,0.0,-1.84,7.0,-685.40002,65
12,15796,2726,3195161,2726,292793186649894,-2611,97,500,42.28318,-83.745323,215.5,11.8,270.47501,-3.9999999E-2,20.01,0.0,-1.6900001,7.0,-629.90002,76
12,15796,2726,3195161,2726,292793186749882,-2611,98,600,42.28318,-83.745331,215.5,11.8,270.25,-3.9999999E-2,20.01,0.0,-1.71,7.0,-580.5,84
12,15796,2726,3195161,2726,292793186849860,-2611,99,700,42.28318,-83.745354,215.5,11.76,270.10001,-0.11,20.01,0.0,-1.7,7.0,-538.09998,92
12,15796,2726,3195161,2726,292793186949887,-2611,100,800,42.28318,-83.745361,215.39999,11.8,270.20001,-5.9999999E-2,20.01,0.0,-1.16,7.0,-509.60001,81
12,15796,2726,3195161,2726,292793187049927,-2611,101,900,42.28318,-83.745369,215.39999,11.7,269.64999,-0.17,20.01,0.0,-1.74,7.0,-483.60001,94
12,15796,2726,3195161,2726,292793187149858,-2611,102,1000,42.28318,-83.745377,215.39999,11.74,269.58749,-0.13,20.01,0.0,-1.8099999,7.0,-460.10001,95
12,15796,2726,3195161,2726,292793187249826,-2611,103,1100,42.28318,-83.745399,215.3,11.68,269.6875,-0.19,20.01,0.0,-1.29,7.0,-444.39999,88
12,15796,2726,3195161,2726,292793187349878,-2611,104,1200,42.28318,-83.745407,215.3,11.64,269.5,-0.23999999,20.01,0.0,-1.15,7.0,-436.0,78
12,15796,2726,3195161,2726,292793187449921,-2611,105,1300,42.28318,-83.74543,215.2,11.56,269.41251,-0.31999999,20.01,-0.02,-1.01,7.0,-434.29999,71
12,15796,2726,3195161,2726,292793187549920,-2611,106,1400,42.28318,-83.745453,215.2,11.48,269.23749,-0.44,20.01,-0.02,-1.1,7.0,-437.10001,76
12,15796,2726,3195161,2726,292793187649807,-2611,107,1500,42.28318,-83.745453,215.3,11.4,269.20001,-0.52999997,20.01,0.0,-1.0,7.0,-444.29999,80
12,15796,2726,3195161,2726,292793187749843,-2611,108,1600,42.28318,-83.745468,215.10001,11.24,270.16251,-0.70999998,20.01,0.0,1.12,7.0,-480.0,40
12,15796,2726,3195161,2726,292793187849922,-2611,109,1700,42.28318,-83.745483,215.10001,11.18,269.79999,-0.76999998,20.01,0.0,1.24,7.0,-552.09998,38
12,15796,2726,3195161,2726,292793187949920,-2611,110,1800,42.28318,-83.745499,215.10001,11.06,269.58749,-0.86000001,20.01,0.0,0.63999999,7.0,-668.40002,42
12,15796,2726,3195161,2726,292793188049828,-2611,111,1900,42.28318,-83.745506,215.10001,10.96,269.45001,-0.91000003,20.01,0.0,-3.9999999E-2,7.0,-836.5,75
12,15796,2726,3195161,2726,292793188149844,-2611,112,2000,42.28318,-83.745522,215.10001,10.84,269.27499,-0.95999998,20.01,0.0,-0.70999998,7.0,-1049.2,64
12,15796,2726,3195161,2726,292793188249834,-2611,113,2100,42.28318,-83.745537,215.0,10.76,269.64999,-0.97000003,20.01,0.0,-0.18000001,7.0,-1357.5,61
12,15796,2726,3195161,2726,292793188349877,-2611,114,2200,42.28318,-83.745537,215.10001,10.6,269.39999,-1.0700001,20.01,0.0,-0.34999999,7.0,3276.7,61
12,15796,2726,3195161,2726,292793188449843,-2611,115,2300,42.28318,-83.74556,215.0,10.52,269.77499,-1.05,20.01,0.0,0.34999999,7.0,3276.7,96
12,15796,2726,3195161,2726,292793188549851,-2611,116,2400,42.28318,-83.745567,215.10001,10.4,269.64999,-1.09,20.01,0.0,0.40000001,7.0,3276.7,84
12,15796,2726,3195161,2726,292793188649806,-2611,117,2500,42.28318,-83.745583,215.10001,10.28,270.125,-1.11,20.01,0.0,1.26,7.0,3276.7,48
12,15796,2726,3195161,2726,292793188749818,-2611,118,2600,42.28318,-83.745598,215.10001,10.16,270.13751,-1.12,20.01,0.0,1.46,7.0,3276.7,45
12,15796,2726,3195161,2726,292793188849921,-2611,119,2700,42.28318,-83.745613,215.2,9.9799995,270.04999,-1.23,20.01,0.0,1.11,7.0,3276.7,49
12,15796,2726,3195161,2726,292793188949838,-2611,120,2800,42.28318,-83.745621,215.2,9.8199997,270.16251,-1.34,20.01,0.0,0.94,7.0,1218.3,73
12,15796,2726,3195161,2726,292793189049878,-2611,121,2900,42.28318,-83.745628,215.10001,9.6400003,270.11249,-1.4400001,20.01,0.0,0.56999999,7.0,969.40002,94
12,15796,2726,3195161,2726,292793189149842,-2611,122,3000,42.28318,-83.745644,215.0,9.46,269.89999,-1.52,20.01,-0.02,-0.12,7.0,864.59998,51
12,15796,2726,3195161,2726,292793189249836,-2611,123,3100,42.28318,-83.745651,215.0,9.3400002,270.54999,-1.51,20.01,-3.9999999E-2,0.79000002,7.0,788.59998,76
12,15796,2726,3195161,2726,292793189349843,-2611,124,3200,42.28318,-83.745667,214.89999,9.1199999,270.04999,-1.6,20.01,-5.9999999E-2,0.14,7.0,755.79999,67
12,15796,2726,3195161,2726,292793189449921,-2611,125,3300,42.28318,-83.745667,214.89999,8.96,270.70001,-1.64,20.01,-5.9999999E-2,1.04,7.0,718.70001,96
12,15796,2726,3195161,2726,292793189549841,-2611,126,3400,42.28318,-83.745682,215.0,8.8400002,270.67499,-1.59,20.01,-0.02,1.24,7.0,674.59998,70
12,15796,2726,3195161,2726,292793189649800,-2611,127,3500,42.28318,-83.745697,215.0,8.7399998,271.13751,-1.48,20.01,0.0,1.99,7.0,609.29999,46
12,15796,2726,3195161,2726,292793189749911,-2611,0,3600,42.28318,-83.745697,214.89999,8.46,270.64999,-1.64,20.01,0.0,1.02,7.0,560.40002,67
12,15796,2726,3195161,2726,292793189849835,-2611,1,3700,42.28318,-83.745712,214.89999,8.3800001,270.97501,-1.58,20.01,0.0,0.98000002,7.0,524.0,91
12,15796,2726,3195161,2726,292793189949915,-2611,2,3800,42.28318,-83.745728,215.0,8.2399998,271.125,-1.51,20.01,0.0,1.0599999,7.0,495.20001,98
12,15796,2726,3195161,2726,292793190049845,-2611,3,3900,42.28318,-83.745743,215.0,8.1199999,271.125,-1.45,20.01,0.0,0.89999998,7.0,475.0,86
12,15796,2726,3195161,2726,292793190149845,-2611,4,4000,42.28318,-83.745743,215.0,7.9200001,271.13751,-1.5,20.01,0.0,0.66000003,7.0,464.70001,74
12,15796,2726,3195161,2726,292793190249835,-2611,5,4100,42.28318,-83.74575,215.0,7.7399998,271.20001,-1.5599999,20.01,0.0,0.52999997,7.0,463.79999,68
12,15796,2726,3195161,2726,292793190349844,-2611,6,4200,42.28318,-83.745758,215.0,7.48,270.64999,-1.76,20.01,0.0,-0.70999998,7.0,493.0,44
12,15796,2726,3195161,2726,292793190449840,-2611,7,4300,42.28318,-83.745773,214.89999,7.3200002,269.5,-1.8099999,20.01,0.0,-3.4200001,7.0,634.70001,30
12,15796,2726,3195161,2726,292793190549882,-2611,8,4400,42.28318,-83.745773,214.89999,7.1199999,269.20001,-1.84,20.01,-0.02,-4.6700001,7.0,1305.9,24
12,15796,2726,3195161,2726,292793190649803,-2611,9,4500,42.28318,-83.745781,214.8,6.9400001,269.14999,-1.85,20.01,-3.9999999E-2,-4.46,7.0,3276.7,26
12,15796,2726,3195161,2726,292793190749894,-2611,10,4600,42.28318,-83.745789,214.7,6.7199998,268.5625,-1.89,20.01,-5.9999999E-2,-4.6399999,7.0,-646.90002,32
12,15796,2726,3195161,2726,292793190849905,-2611,11,4700,42.28318,-83.745796,214.7,6.6599998,267.88751,-1.72,20.01,-5.9999999E-2,-5.1500001,7.0,-338.10001,36
12,15796,2726,3195161,2726,292793190949905,-2611,12,4800,42.28318,-83.745796,214.8,6.52,268.01251,-1.61,20.01,-0.02,-4.1399999,7.0,-229.0,49
12,15796,2726,3195161,2726,292793191049915,-2611,13,4900,42.28318,-83.745811,214.8,6.5,268.07501,-1.37,20.01,0.0,-2.72,7.0,-178.7,49
12,15796,2726,3195161,2726,292793191149889,-2611,14,5000,42.28318,-83.745819,214.8,6.4400001,267.47501,-1.17,20.01,0.0,-2.6500001,7.0,-150.8,40
12,15796,2726,3195161,2726,292793191249916,-2611,15,5100,42.28318,-83.745827,214.8,6.3200002,267.35001,-1.08,20.01,0.0,-2.3599999,7.0,-134.10001,38
12,15796,2726,3195161,2726,292793191349834,-2611,16,5200,42.28318,-83.745827,214.8,6.2800002,266.63751,-0.94,20.01,0.0,-3.1300001,7.0,-122.5,46
12,15796,2726,3195161,2726,292793191449870,-2611,17,5300,42.283169,-83.745842,214.89999,6.1999998,265.46249,-0.86000001,20.01,0.0,-5.1900001,7.0,-111.8,53
12,15796,2726,3195161,2726,292793191549897,-2611,18,5400,42.283169,-83.74585,214.89999,6.1199999,263.8125,-0.85000002,20.01,0.0,-8.4099998,7.0,-99.099998,28
12,15796,2726,3195161,2726,292793191649872,-2611,19,5500,42.283169,-83.745857,215.0,6.0799999,262.0,-0.76999998,20.01,0.0,-11.89,7.0,-84.5,10
12,15796,2726,3195161,2726,292793191749901,-2611,20,5600,42.283169,-83.745857,215.0,6.0799999,260.60001,-0.61000001,20.01,0.0,-14.02,7.0,-70.400002,0
12,15796,2726,3195161,2726,292793191849902,-2611,21,5700,42.283161,-83.745872,215.0,6.0,259.16251,-0.58999997,20.01,0.0,-15.15,7.0,-58.400002,1
12,15796,2726,3195161,2726,292793191949910,-2611,22,5800,42.283161,-83.74588,215.10001,5.8800001,257.64999,-0.66000003,20.01,0.0,-15.72,7.0,-48.799999,8
12,15796,2726,3195161,2726,292793192049888,-2611,23,5900,42.283161,-83.745888,215.10001,5.8400002,255.7,-0.64999998,20.01,0.0,-16.73,7.0,-41.400002,16
12,15796,2726,3195161,2726,292793192149873,-2611,24,6000,42.283161,-83.745888,215.10001,5.8000002,254.2,-0.62,20.01,0.0,-16.879999,7.0,-35.599998,26
12,15796,2726,3195161,2726,292793192249867,-2611,25,6100,42.28315,-83.745903,215.0,5.7800002,252.675,-0.52999997,20.01,-0.02,-16.639999,7.0,-31.299999,36
12,15796,2726,3195161,2726,292793192349864,-2611,26,6200,42.28315,-83.745903,215.0,5.7199998,250.83749,-0.50999999,20.01,-3.9999999E-2,-16.860001,7.0,-28.0,47
12,15796,2726,3195161,2726,292793192449869,-2611,27,6300,42.28315,-83.745911,215.0,5.6999998,248.53751,-0.44999999,20.01,-3.9999999E-2,-18.17,7.0,-25.4,46
12,15796,2726,3195161,2726,292793192549919,-2611,28,6400,42.28315,-83.745911,215.0,5.6199999,246.7625,-0.47,20.01,-3.9999999E-2,-18.73,7.0,-23.299999,44
12,15796,2726,3195161,2726,292793192649904,-2611,29,6500,42.283138,-83.745918,215.0,5.52,244.175,-0.57999998,20.01,-3.9999999E-2,-20.4,7.0,-21.5,36
12,15796,2726,3195161,2726,292793192749969,-2611,30,6600,42.283138,-83.745934,215.0,5.46,242.05,-0.63,20.01,-0.02,-21.4,8.0,-19.9,32
12,15796,2726,3195161,2726,292793192849905,-2611,31,6700,42.283131,-83.745934,215.0,5.3400002,239.2,-0.73000002,20.01,0.0,-23.26,8.0,-18.5,26
12,15796,2726,3195161,2726,292793192949948,-2611,32,6800,42.283131,-83.745934,215.0,5.3800001,236.78751,-0.58999997,20.01,0.0,-24.360001,8.0,-17.200001,24
12,15796,2726,3195161,2726,292793193049950,-2611,33,6900,42.283131,-83.745934,215.0,5.2600002,234.45,-0.61000001,20.01,0.0,-24.719999,8.0,-16.1,26
12,15796,2726,3195161,2726,292793193149921,-2611,34,7000,42.283119,-83.745941,214.89999,5.2800002,231.78751,-0.5,20.01,-0.02,-25.26,8.0,-15.2,30
12,15796,2726,3195161,2726,292793193249908,-2611,35,7100,42.283119,-83.745941,214.89999,5.2800002,229.64999,-0.40000001,20.01,-0.02,-24.75,8.0,-14.4,38
12,15796,2726,3195161,2726,292793193349958,-2611,36,7200,42.283112,-83.745949,214.89999,5.3200002,227.58749,-0.23,20.01,-0.02,-23.709999,8.0,-13.7,80
12,15796,2726,3195161,2726,292793193449916,-2611,37,7300,42.283112,-83.745949,214.89999,5.3000002,225.75,-0.15000001,20.01,0.0,-22.139999,8.0,-13.3,40
12,15796,2726,3195161,2726,292793193549875,-2611,38,7400,42.2831,-83.745956,214.8,5.4200001,223.35001,5.0000001E-2,20.01,-0.02,-21.74,8.0,-12.9,35
12,15796,2726,3195161,2726,292793193649922,-2611,39,7500,42.2831,-83.745956,214.8,5.46,221.7,0.19,20.01,-0.02,-20.52,8.0,12.8,30
12,15796,2726,3195161,2726,292793193749958,-2611,40,7600,42.283089,-83.745956,214.89999,5.48,220.28751,0.23999999,20.01,0.0,-18.67,8.0,12.9,24
12,15796,2726,3195161,2726,292793193850009,-2611,41,7700,42.283089,-83.745956,214.89999,5.5,217.925,0.25,20.01,0.0,-18.709999,9.0,12.8,27
12,15796,2726,3195161,2726,292793193949995,-2611,42,7800,42.283081,-83.745956,214.89999,5.5,216.02499,0.22,20.01,0.0,-18.790001,9.0,-13.0,33
12,15796,2726,3195161,2726,292793194049957,-2611,43,7900,42.283081,-83.745972,214.89999,5.48,214.175,0.15000001,20.01,0.0,-18.77,9.0,-13.2,39
12,15796,2726,3195161,2726,292793194149957,-2611,44,8000,42.28307,-83.745972,214.8,5.54,213.16251,0.18000001,20.01,0.0,-17.07,9.0,-13.5,38
12,15796,2726,3195161,2726,292793194249956,-2611,45,8100,42.28307,-83.745979,214.8,5.5,212.35001,9.0000004E-2,20.01,0.0,-14.47,9.0,-14.0,29
12,15796,2726,3195161,2726,292793194349990,-2611,46,8200,42.28307,-83.745979,214.7,5.54,211.675,0.11,20.01,-0.02,-11.69,9.0,-14.6,18
12,15796,2726,3195161,2726,292793194449916,-2611,47,8300,42.283058,-83.745979,214.7,5.52,210.64999,7.9999998E-2,20.01,-3.9999999E-2,-10.05,9.0,-15.5,12
12,15796,2726,3195161,2726,292793194549995,-2611,48,8400,42.283051,-83.745987,214.60001,5.52,209.6125,5.0000001E-2,20.01,-3.9999999E-2,-9.2799997,9.0,-16.6,14
12,15796,2726,3195161,2726,292793194649928,-2611,49,8500,42.283051,-83.745987,214.60001,5.5799999,208.5625,0.13,20.01,-3.9999999E-2,-9.1400003,9.0,-17.9,21
12,15796,2726,3195161,2726,292793194749919,-2611,50,8600,42.283039,-83.745987,214.5,5.5999999,207.14999,0.16,20.01,-3.9999999E-2,-10.04,9.0,-19.5,34
12,15796,2726,3195161,2726,292793194849911,-2611,51,8700,42.283039,-83.745987,214.39999,5.7199998,205.2625,0.31999999,20.01,-5.9999999E-2,-12.21,9.0,-21.1,82
12,15796,2726,3195161,2726,292793194949969,-2611,52,8800,42.283031,-83.745987,214.39999,5.7800002,203.9875,0.44,20.01,-3.9999999E-2,-13.4,9.0,-22.799999,35
12,15796,2726,3195161,2726,292793195049952,-2611,53,8900,42.283031,-83.745987,214.39999,5.8000002,202.7375,0.44,20.01,-0.02,-13.81,9.0,-24.4,30
12,15796,2726,3195161,2726,292793195149916,-2611,54,9000,42.28302,-83.745987,214.39999,5.8800001,200.96249,0.5,20.01,0.0,-14.77,9.0,-25.700001,28
12,15796,2726,3195161,2726,292793195249974,-2611,55,9100,42.283009,-83.745987,214.3,6.0,198.45,0.61000001,20.01,0.0,-17.280001,10.0,-26.6,20
12,15796,2726,3195161,2726,292793195349968,-2611,56,9200,42.283001,-83.745987,214.3,6.1999998,195.4375,0.85000002,20.01,0.0,-21.02,10.0,-26.9,8
12,15796,2726,3195161,2726,292793195449958,-2611,57,9300,42.283001,-83.745987,214.2,6.3200002,193.39999,1.0,20.01,0.0,-22.75,10.0,-26.4,4
12,15796,2726,3195161,2726,292793195549927,-2611,58,9400,42.28299,-83.745987,214.2,6.54,191.83749,1.23,20.01,0.0,-22.209999,10.0,-25.6,12
12,15796,2726,3195161,2726,292793195649964,-2611,59,9500,42.28299,-83.745987,214.10001,6.6399999,190.45,1.28,20.01,0.0,-20.32,10.0,-24.6,32
12,15796,2726,3195161,2726,292793195749956,-2611,60,9600,42.282982,-83.745987,214.10001,6.6999998,189.6375,1.2,20.01,0.0,-17.0,10.0,-23.9,44
12,15796,2726,3195161,2726,292793195849957,-2611,61,9700,42.28297,-83.745987,214.10001,6.7199998,188.97501,1.03,20.01,0.0,-13.33,10.0,-23.4,16
12,15796,2726,3195161,2726,292793195949957,-2611,62,9800,42.282959,-83.745987,214.10001,6.8800001,189.0125,1.05,20.01,0.0,-8.8299999,10.0,-23.4,0
12,15796,2726,3195161,2726,292793196049963,-2611,63,9900,42.282959,-83.745987,214.0,6.98,188.55,1.04,20.01,0.0,-5.7800002,10.0,-24.0,0
12,15796,2726,3195161,2726,292793196150005,-2611,64,10000,42.282951,-83.745987,214.0,7.04,188.0,0.97000003,20.01,0.0,-4.2199998,10.0,-25.200001,0
12,15796,2726,3195161,2726,292793196249965,-2611,65,10100,42.28294,-83.745987,214.0,7.1399999,187.6375,0.95999998,20.01,0.0,-3.3499999,10.0,-26.9,0
12,15796,2726,3195161,2726,292793196349970,-2611,66,10200,42.28294,-83.745987,214.0,7.1999998,187.22501,0.89999998,20.01,0.0,-3.0599999,10.0,-29.4,8
12,15796,2726,3195161,2726,292793196449934,-2611,67,10300,42.282928,-83.745987,213.89999,7.2800002,186.55,0.87,20.01,0.0,-3.6300001,10.0,-32.599998,26
12,15796,2726,3195161,2726,292793196549961,-2611,68,10400,42.282921,-83.745987,213.89999,7.48,186.7625,1.01,20.01,0.0,-2.79,10.0,-36.799999,36
12,15796,2726,3195161,2726,292793196649981,-2611,69,10500,42.282909,-83.745987,213.89999,7.48,186.60001,0.93000001,20.01,0.0,-2.1600001,10.0,-42.299999,43
12,15796,2726,3195161,2726,292793196750047,-2611,70,10600,42.282909,-83.745987,213.89999,7.54,186.425,0.81999999,20.01,0.0,-1.76,11.0,-49.700001,48
12,15796,2726,3195161,2726,292793196850139,-2611,71,10700,42.282902,-83.746002,213.89999,7.5799999,186.16251,0.72000003,20.01,0.0,-1.72,11.0,-59.700001,66
12,15796,2726,3195161,2726,292793196950025,-2611,72,10800,42.28289,-83.746002,213.89999,7.7600002,186.25,0.86000001,20.01,0.0,-1.21,11.0,-73.800003,64
12,15796,2726,3195161,2726,292793197050007,-2611,73,10900,42.282879,-83.746002,213.89999,7.8800001,186.35001,0.94999999,20.01,0.0,-0.52999997,11.0,-94.400002,48
12,15796,2726,3195161,2726,292793197150005,-2611,74,11000,42.282879,-83.746002,213.89999,7.96,186.89999,0.95999998,20.01,0.0,0.98000002,11.0,-128.60001,38
12,15796,2726,3195161,2726,292793197250134,-2611,75,11100,42.282871,-83.746002,213.89999,7.9400001,187.10001,0.81,20.01,0.0,1.9299999,11.0,-195.39999,34
12,15796,2726,3195161,2726,292793197350025,-2611,76,11200,42.28286,-83.746002,213.89999,8.0799999,187.16251,0.81999999,20.01,0.0,2.1500001,11.0,-376.89999,34
12,15796,2726,3195161,2726,292793197449990,-2611,77,11300,42.282848,-83.746002,213.8,8.1000004,186.14999,0.74000001,20.01,0.0,-0.13,11.0,3276.7,63
12,15796,2726,3195161,2726,292793197549992,-2611,78,11400,42.282841,-83.746002,213.8,8.2200003,185.6375,0.76999998,20.01,0.0,-2.24,11.0,1116.4,38
12,15796,2726,3195161,2726,292793197650179,-2611,79,11500,42.282841,-83.746002,213.8,8.3000002,185.27499,0.77999997,20.01,0.0,-3.54,11.0,553.70001,28
12,15796,2726,3195161,2726,292793197750027,-2611,80,11600,42.282829,-83.746002,213.8,8.3000002,185.0,0.67000002,20.01,0.0,-4.02,11.0,458.5,26
12,15796,2726,3195161,2726,292793197850178,-2611,81,11700,42.282822,-83.746002,213.8,8.2799997,184.53751,0.51999998,20.01,0.0,-4.3899999,11.0,479.0,28
12,15796,2726,3195161,2726,292793197950181,-2611,82,11800,42.28281,-83.746002,213.8,8.3199997,184.10001,0.44,20.01,0.0,-4.5700002,11.0,620.5,32
12,15796,2726,3195161,2726,292793198050212,-2611,83,11900,42.28281,-83.746002,213.8,8.3199997,183.7375,0.33000001,20.01,0.0,-4.4699998,11.0,1172.9,38
12,15796,2726,3195161,2726,292793198150143,-2611,84,12000,42.282791,-83.746002,213.8,8.46,183.075,0.44,20.01,0.0,-4.8400002,11.0,3276.7,44
12,15796,2726,3195161,2726,292793198250146,-2611,85,12100,42.282791,-83.746002,213.8,8.4799995,183.125,0.44999999,20.01,0.0,-3.97,11.0,-841.90002,90
12,15796,2726,3195161,2726,292793198350185,-2611,86,12200,42.28278,-83.746002,213.7,8.4399996,182.325,0.31999999,20.01,0.0,-4.3299999,11.0,-434.10001,88
12,15796,2726,3195161,2726,292793198450000,-2611,87,12300,42.282768,-83.746002,213.8,8.4799995,181.3625,0.28999999,20.01,0.0,-5.54,11.0,-285.0,73
12,15796,2726,3195161,2726,292793198550030,-2611,88,12400,42.282761,-83.746002,213.89999,8.46,181.27499,0.2,20.01,0.0,-5.23,11.0,-211.7,71
12,15796,2726,3195161,2726,292793198650030,-2611,89,12500,42.282761,-83.746002,213.89999,8.4399996,181.0125,0.12,20.01,0.0,-4.5599999,11.0,-170.7,98
12,15796,2726,3195161,2726,292793198750030,-2611,90,12600,42.282749,-83.746002,213.89999,8.3800001,180.41251,-9.9999998E-3,20.01,0.0,-4.5100002,11.0,-145.2,81
12,15796,2726,3195161,2726,292793198850177,-2611,91,12700,42.282742,-83.746002,213.89999,8.3400002,180.60001,-0.12,20.01,0.0,-3.23,11.0,-129.8,45
12,15796,2726,3195161,2726,292793198950178,-2611,92,12800,42.28273,-83.746002,213.89999,8.3000002,180.6375,-0.19,20.01,0.0,-1.91,11.0,-121.5,36
12,15796,2726,3195161,2726,292793199050145,-2611,93,12900,42.28273,-83.746002,213.89999,8.2600002,180.575,-0.25999999,20.01,0.0,-1.0,11.0,-118.4,32
12,15796,2726,3195161,2726,292793199150021,-2611,94,13000,42.282719,-83.746002,213.89999,8.1800003,179.875,-0.36000001,20.01,0.0,-1.72,11.0,-118.3,36
12,15796,2726,3195161,2726,292793199250028,-2611,95,13100,42.282711,-83.746002,213.89999,8.2600002,180.5,-0.23,20.01,0.0,-0.52999997,11.0,-121.9,36
12,15796,2726,3195161,2726,292793199350026,-2611,96,13200,42.282711,-83.746002,213.89999,8.2399998,180.39999,-0.18000001,20.01,0.0,-9.9999998E-3,11.0,-129.39999,37
12,15796,2726,3195161,2726,292793199450036,-2611,97,13300,42.2827,-83.746002,213.89999,8.2200003,180.1125,-0.17,20.01,0.0,-0.31999999,11.0,-140.8,42
12,15796,2726,3195161,2726,292793199550037,-2611,98,13400,42.282688,-83.746002,213.89999,8.1999998,180.14999,-0.15000001,20.01,0.0,-0.33000001,11.0,-156.7,50
12,15796,2726,3195161,2726,292793199650031,-2611,99,13500,42.282681,-83.746002,213.89999,8.1999998,180.1375,-0.12,20.01,0.0,-0.31,11.0,-178.3,77
12,15796,2726,3195161,2726,292793199750026,-2611,100,13600,42.282681,-83.746002,213.89999,8.1800003,180.1375,-0.14,20.01,0.0,-0.23999999,11.0,-207.60001,92
12,15796,2726,3195161,2726,292793199850173,-2611,101,13700,42.282669,-83.746002,213.89999,8.1400003,180.21249,-0.17,20.01,0.0,0.0,11.0,-248.89999,92
12,15796,2726,3195161,2726,292793199950204,-2611,102,13800,42.282661,-83.746002,213.89999,8.1199999,180.10001,-0.2,20.01,0.0,-9.0000004E-2,11.0,-307.89999,97
12,15796,2726,3195161,2726,292793200050209,-2611,103,13900,42.28265,-83.746002,213.89999,8.0799999,180.03751,-0.22,20.01,0.0,-0.25999999,12.0,-393.70001,93
12,15796,2726,3195161,2726,292793200150140,-2611,104,14000,42.28265,-83.746002,213.89999,8.0200005,179.83749,-0.28999999,20.01,0.0,-0.68000001,12.0,-516.09998,73
12,15796,2726,3195161,2726,292793200250183,-2611,105,14100,42.282639,-83.746002,213.89999,7.9400001,179.825,-0.38999999,20.01,0.0,-0.76999998,12.0,-690.70001,65
12,15796,2726,3195161,2726,292793200350179,-2611,106,14200,42.282631,-83.746002,213.89999,7.8800001,179.925,-0.47,20.01,0.0,-0.47,12.0,-958.90002,80
12,15796,2726,3195161,2726,292793200450228,-2611,107,14300,42.282631,-83.746002,213.89999,7.7800002,179.8625,-0.56999999,20.01,0.0,-0.34999999,12.0,-1408.1,96
12,15796,2726,3195161,2726,292793200550218,-2611,108,14400,42.282619,-83.746002,213.89999,7.7199998,179.75,-0.62,20.01,0.0,-0.43000001,12.0,3276.7,98
12,15796,2726,3195161,2726,292793200650134,-2611,109,14500,42.282619,-83.746002,213.89999,7.54,179.8,-0.80000001,20.01,0.0,-0.31,12.0,3276.7,92
12,15796,2726,3195161,2726,292793200750139,-2611,110,14600,42.282612,-83.746002,214.0,7.4400001,179.875,-0.91000003,20.01,0.0,-2.9999999E-2,12.0,3276.7,78
12,15796,2726,3195161,2726,292793200850222,-2611,111,14700,42.2826,-83.746002,214.0,7.4000001,179.925,-0.88,20.01,0.0,0.2,12.0,3276.7,67
12,15796,2726,3195161,2726,292793200950222,-2611,112,14800,42.2826,-83.746002,214.0,7.3200002,179.97501,-0.85000002,20.01,0.0,0.38,12.0,3276.7,60
12,15796,2726,3195161,2726,292793201050226,-2611,113,14900,42.282589,-83.746002,214.0,7.1799998,180.3625,-0.93000001,20.01,0.0,1.15,12.0,3276.7,47
12,15796,2726,3195161,2726,292793201150188,-2611,114,15000,42.282589,-83.746002,214.0,7.0599999,180.9875,-0.99000001,20.01,0.0,2.52,12.0,1282.6,38
12,15796,2726,3195161,2726,292793201250219,-2611,115,15100,42.282581,-83.746002,213.89999,6.96,181.3,-1.01,20.01,-0.02,3.3099999,12.0,750.79999,34
12,15796,2726,3195161,2726,292793201350170,-2611,116,15200,42.28257,-83.746002,213.89999,6.8000002,180.77499,-1.09,20.01,-3.9999999E-2,2.04,12.0,524.20001,42
12,15796,2726,3195161,2726,292793201450186,-2611,117,15300,42.28257,-83.746002,213.89999,6.7600002,180.6875,-1.02,20.01,-3.9999999E-2,0.82999998,12.0,420.79999,94
12,15796,2726,3195161,2726,292793201550208,-2611,118,15400,42.282558,-83.746002,213.89999,6.7199998,180.58749,-0.91000003,20.01,-0.02,-0.11,12.0,376.0,42
12,15796,2726,3195161,2726,292793201650222,-2611,119,15500,42.282558,-83.746002,213.89999,6.5999999,180.91251,-0.89999998,20.01,-0.02,7.9999998E-2,12.0,356.89999,40
12,15796,2726,3195161,2726,292793201750137,-2611,120,15600,42.282551,-83.74601,213.89999,6.46,181.5,-0.98000002,20.01,0.0,1.3099999,12.0,340.0,56
12,15796,2726,3195161,2726,292793201850136,-2611,121,15700,42.282551,-83.74601,213.89999,6.3400002,181.625,-1.03,20.01,0.0,1.89,12.0,319.39999,82
12,15796,2726,3195161,2726,292793201950047,-2611,122,15800,42.282539,-83.74601,213.89999,6.2399998,181.95,-1.05,20.01,0.0,2.4400001,12.0,293.29999,46
12,15796,2726,3195161,2726,292793202050138,-2611,123,15900,42.282539,-83.74601,213.89999,6.1399999,182.125,-1.0599999,20.01,0.0,2.5799999,12.0,265.39999,44
12,15796,2726,3195161,2726,292793202150135,-2611,124,16000,42.282532,-83.74601,213.89999,6.0,182.0,-1.12,20.01,0.0,1.91,12.0,242.89999,52
12,15796,2726,3195161,2726,292793202250136,-2611,125,16100,42.28252,-83.74601,214.0,5.96,181.9875,-1.04,20.01,0.0,1.17,12.0,228.7,93
12,15796,2726,3195161,2726,292793202350142,-2611,126,16200,42.28252,-83.74601,214.0,5.8000002,181.925,-1.0700001,20.01,0.0,0.46000001,12.0,223.5,48
12,15796,2726,3195161,2726,292793202450110,-2611,127,16300,42.28252,-83.74601,214.0,5.6999998,182.03751,-1.0700001,20.01,0.0,0.23,12.0,225.89999,43
12,15796,2726,3195161,2726,292793202550144,-2611,0,16400,42.282509,-83.74601,214.0,5.5799999,182.52499,-1.1,20.01,0.0,1.03,12.0,230.10001,52
12,15796,2726,3195161,2726,292793202650123,-2611,1,16500,42.282509,-83.74601,214.10001,5.5,182.75,-1.0700001,20.01,0.0,1.65,12.0,231.8,96
12,15796,2726,3195161,2726,292793202750127,-2611,2,16600,42.282501,-83.74601,214.10001,5.3400002,182.89999,-1.14,20.01,0.0,1.9299999,12.0,229.60001,61
12,15796,2726,3195161,2726,292793202850052,-2611,3,16700,42.282501,-83.74601,214.10001,5.1799998,183.125,-1.23,20.01,0.0,2.1400001,12.0,222.8,48
12,15796,2726,3195161,2726,292793202950049,-2611,4,16800,42.28249,-83.74601,214.10001,5.04,183.16251,-1.27,20.01,0.0,1.9,12.0,214.39999,54
12,15796,2726,3195161,2726,292793203050178,-2611,5,16900,42.28249,-83.74601,214.10001,4.9000001,182.60001,-1.3200001,20.01,0.0,0.31999999,12.0,213.39999,69
12,15796,2726,3195161,2726,292793203150142,-2611,6,17000,42.28249,-83.74601,214.10001,4.6999998,182.8,-1.4299999,20.01,0.0,-0.15000001,12.0,221.2,44
12,15796,2726,3195161,2726,292793203250179,-2611,7,17100,42.282478,-83.74601,214.10001,4.5999999,182.5,-1.4,20.01,-0.02,-0.92000002,12.0,243.0,38
12,15796,2726,3195161,2726,292793203350121,-2611,8,17200,42.282478,-83.74601,214.2,4.3600001,182.75,-1.55,20.01,0.0,-0.64999998,12.0,281.0,39
12,15796,2726,3195161,2726,292793203450022,-2611,9,17300,42.282478,-83.74601,214.2,4.2800002,182.78751,-1.48,20.01,0.0,-0.31,12.0,339.20001,47
12,15796,2726,3195161,2726,292793203550118,-2611,10,17400,42.282471,-83.74601,214.2,4.1199999,182.9875,-1.49,20.01,0.0,0.30000001,12.0,416.39999,92
12,15796,2726,3195161,2726,292793203650205,-2611,11,17500,42.282471,-83.74601,214.2,4.04,182.5625,-1.4,20.01,0.0,-0.27000001,12.0,543.0,100
12,15796,2726,3195161,2726,292793203750126,-2611,12,17600,42.282471,-83.74601,214.10001,3.9000001,181.95,-1.34,20.01,-0.02,-1.71,12.0,935.90002,49
12,15796,2726,3195161,2726,292793203850053,-2611,13,17700,42.282459,-83.74601,214.2,3.74,182.64999,-1.36,20.01,-0.02,-0.69999999,12.0,3276.7,70
12,15796,2726,3195161,2726,292793203950052,-2611,14,17800,42.282459,-83.74601,214.2,3.6199999,183.22501,-1.33,20.01,0.0,1.04,12.0,3276.7,48
12,15796,2726,3195161,2726,292793204050123,-2611,15,17900,42.282459,-83.74601,214.2,3.46,183.4375,-1.38,20.01,0.0,2.1099999,12.0,3276.7,37
12,15796,2726,3195161,2726,292793204150168,-2611,16,18000,42.282459,-83.746017,214.2,3.24,184.08749,-1.52,20.01,0.0,3.49,12.0,3276.7,30
12,15796,2726,3195161,2726,292793204250129,-2611,17,18100,42.282459,-83.746017,214.2,3.0,184.2,-1.6900001,20.01,0.0,3.73,12.0,564.29999,30
12,15796,2726,3195161,2726,292793204350157,-2611,18,18200,42.282459,-83.746017,214.2,2.8399999,184.85001,-1.73,20.01,0.0,4.3699999,12.0,275.39999,31
12,15796,2726,3195161,2726,292793204450029,-2611,19,18300,42.282452,-83.746017,214.3,2.6800001,184.5625,-1.75,20.01,0.0,3.28,12.0,174.60001,40
12,15796,2726,3195161,2726,292793204550171,-2611,20,18400,42.282452,-83.746017,214.3,2.5799999,184.39999,-1.63,20.01,0.0,1.79,12.0,131.10001,81
12,15796,2726,3195161,2726,292793204650170,-2611,21,18500,42.282452,-83.746017,214.39999,2.4400001,184.1125,-1.5700001,20.01,0.0,0.14,12.0,112.2,36
12,15796,2726,3195161,2726,292793204750170,-2611,22,18600,42.282452,-83.746017,214.39999,2.3,183.55,-1.52,20.01,0.0,-1.8099999,12.0,109.1,25
12,15796,2726,3195161,2726,292793204850131,-2611,23,18700,42.28244,-83.746017,214.39999,2.1400001,183.1375,-1.49,20.01,0.0,-3.22,12.0,122.6,19
12,15796,2726,3195161,2726,292793204950143,-2611,24,18800,42.28244,-83.74601,214.5,2.0,182.10001,-1.46,20.01,0.0,-5.3000002,12.0,182.3,14
12,15796,2726,3195161,2726,292793205050201,-2611,25,18900,42.28244,-83.746017,214.39999,1.78,182.58749,-1.5700001,20.01,0.0,-4.3600001,12.0,588.09998,22
12,15796,2726,3195161,2726,292793205150195,-2611,26,19000,42.28244,-83.746017,214.5,1.6,183.39999,-1.65,20.01,0.0,-1.4400001,12.0,-520.09998,46
12,15796,2726,3195161,2726,292793205250119,-2611,27,19100,42.28244,-83.746017,214.5,1.42,184.3625,-1.6900001,20.01,0.0,2.1500001,12.0,-259.60001,31
12,15796,2726,3195161,2726,292793205350136,-2611,28,19200,42.28244,-83.746017,214.5,1.28,184.35001,-1.67,20.01,0.0,3.49,12.0,-274.89999,16
12,15796,2726,3195161,2726,292793205450168,-2611,29,19300,42.28244,-83.746017,214.5,1.14,185.22501,-1.63,20.01,0.0,5.1599998,12.0,3276.7,10
12,15796,2726,3195161,2726,292793205550320,-2611,30,19400,42.28244,-83.746017,214.60001,0.95999998,185.22501,-1.63,20.01,0.0,6.98,12.0,3276.7,0
12,15796,2726,3195161,2726,292793205650123,-2611,31,19500,42.28244,-83.746017,214.60001,0.81999999,185.22501,-1.61,20.01,0.0,6.0999999,12.0,3276.7,0
12,15796,2726,3195161,2726,292793205750212,-2611,32,19600,42.28244,-83.746017,214.60001,0.68000001,185.22501,-1.5599999,20.01,0.0,1.9400001,12.0,3276.7,0
12,15796,2726,3195161,2726,292793205850049,-2611,33,19700,42.28244,-83.746017,214.60001,0.56,185.22501,-1.47,20.01,0.0,-3.6099999,12.0,3276.7,0
12,15796,2726,3195161,2726,292793205950255,-2611,34,19800,42.28244,-83.746017,214.60001,0.47999999,185.22501,-1.35,20.01,0.0,-6.7800002,12.0,3276.7,0
12,15796,2726,3195161,2726,292793206050191,-2611,35,19900,42.28244,-83.746017,214.60001,0.40000001,185.22501,-1.24,20.01,-0.02,-6.52,12.0,3276.7,0
12,15796,2726,3195161,2726,292793206150162,-2611,36,20000,42.28244,-83.746017,214.7,0.31999999,185.22501,-1.11,20.01,0.0,-3.95,12.0,3276.7,0
12,15796,2726,3195161,2726,292793206250117,-2611,37,20100,42.28244,-83.746017,214.7,0.23999999,185.22501,-1.01,20.01,0.0,-0.88999999,12.0,3276.7,0
12,15796,2726,3195161,2726,292793206350016,-2611,38,20200,42.28244,-83.746017,214.7,0.18000001,185.22501,-0.91000003,20.01,0.0,1.61,12.0,3276.7,0
12,15796,2726,3195161,2726,292793206450123,-2611,39,20300,42.28244,-83.746017,214.7,0.14,185.22501,-0.80000001,20.01,0.0,1.0700001,12.0,3276.7,0
12,15796,2726,3195161,2726,292793206550222,-2611,40,20400,42.28244,-83.746017,214.7,0.12,185.22501,-0.68000001,20.01,0.0,2.3499999,12.0,3276.7,0
12,15796,2726,3195161,2726,292793206650187,-2611,41,20500,42.28244,-83.746017,214.7,0.1,185.22501,-0.56999999,20.01,0.0,327.66,12.0,3276.7,0
12,15796,2726,3195161,2726,292793206750137,-2611,42,20600,42.28244,-83.746017,214.7,5.9999999E-2,185.22501,-0.47999999,20.01,-0.02,327.66,12.0,3276.7,0
12,15796,2726,3195161,2726,292793206850218,-2611,43,20700,42.28244,-83.746017,214.7,3.9999999E-2,185.22501,-0.40000001,20.01,-0.02,327.66,12.0,3276.7,0
12,15796,2726,3195161,2726,292793206950221,-2611,44,20800,42.28244,-83.746017,214.7,3.9999999E-2,185.22501,-0.33000001,20.01,-0.02,311.98001,12.0,3276.7,0
12,15796,2726,3195161,2726,292793207050159,-2611,45,20900,42.28244,-83.746017,214.7,0.02,185.22501,-0.28,20.01,0.0,202.53999,12.0,3276.7,0
12,15796,2726,3195161,2726,292793207150111,-2611,46,21000,42.28244,-83.746017,214.7,0.02,185.22501,-0.20999999,20.01,0.0,108.92,12.0,3276.7,0
12,15796,2726,3195161,2726,292793207250147,-2611,47,21100,42.28244,-83.746017,214.8,0.02,185.22501,-0.17,20.01,0.0,41.389999,12.0,3276.7,0
12,15796,2726,3195161,2726,292793207350173,-2611,48,21200,42.28244,-83.746017,214.8,0.02,185.22501,-0.11,20.01,0.0,-5.9999999E-2,12.0,3276.7,0
12,15796,2726,3195161,2726,292793207450176,-2611,49,21300,42.28244,-83.746017,214.8,3.9999999E-2,185.22501,-5.0000001E-2,20.01,0.0,-20.540001,12.0,3276.7,0
12,15796,2726,3195161,2726,292793207550208,-2611,50,21400,42.28244,-83.746017,214.8,3.9999999E-2,185.22501,0.0,20.01,0.0,-26.65,12.0,3276.7,0
12,15796,2726,3195161,2726,292793207650174,-2611,51,21500,42.28244,-83.746017,214.8,7.9999998E-2,185.22501,3.9999999E-2,20.01,0.0,-24.469999,12.0,3276.7,0
12,15796,2726,3195161,2726,292793207750136,-2611,52,21600,42.28244,-83.746017,214.8,0.1,185.22501,0.11,20.01,0.0,-18.620001,12.0,3276.7,0
12,15796,2726,3195161,2726,292793207850057,-2611,53,21700,42.28244,-83.746017,214.8,0.12,185.22501,0.14,20.01,0.0,-327.67001,12.0,3276.7,0
12,15796,2726,3195161,2726,292793207950136,-2611,54,21800,42.28244,-83.746017,214.89999,0.16,185.22501,0.17,20.01,0.0,-327.67001,12.0,3276.7,0
12,15796,2726,3195161,2726,292793208050135,-2611,55,21900,42.28244,-83.746017,214.8,0.2,185.22501,0.23999999,20.01,0.0,-327.67001,12.0,3276.7,0
12,15796,2726,3195161,2726,292793208150132,-2611,56,22000,42.28244,-83.746017,214.89999,0.30000001,185.22501,0.38,20.01,0.0,-325.19,12.0,3276.7,0
12,15796,2726,3195161,2726,292793208250106,-2611,57,22100,42.28244,-83.746017,214.89999,0.40000001,185.22501,0.51999998,20.01,0.0,-204.64999,12.0,3276.7,0
12,15796,2726,3195161,2726,292793208350252,-2611,58,22200,42.282429,-83.746017,214.89999,0.56,185.22501,0.73000002,20.01,0.0,-107.18,12.0,3276.7,0
12,15796,2726,3195161,2726,292793208450249,-2611,59,22300,42.282429,-83.746017,214.89999,0.66000003,185.22501,0.85000002,20.01,0.0,-37.790001,12.0,3276.7,0
12,15796,2726,3195161,2726,292793208550148,-2611,60,22400,42.282429,-83.746017,214.89999,0.69999999,185.22501,0.82999998,20.01,0.0,4.0100002,12.0,3276.7,0
12,15796,2726,3195161,2726,292793208650138,-2611,61,22500,42.282429,-83.746017,215.0,0.83999997,185.22501,0.91000003,20.01,0.0,27.77,12.0,3276.7,0
12,15796,2726,3195161,2726,292793208750136,-2611,62,22600,42.282429,-83.746017,215.0,0.92000002,185.22501,0.93000001,20.01,0.0,38.389999,12.0,3276.7,0
12,15796,2726,3195161,2726,292793208850137,-2611,63,22700,42.282429,-83.746017,215.0,1.04,185.22501,0.97000003,20.01,0.0,40.5,12.0,40.200001,0
12,15796,2726,3195161,2726,292793208950149,-2611,64,22800,42.282421,-83.746017,215.10001,1.26,185.22501,1.16,20.01,0.0,30.629999,12.0,16.9,0
12,15796,2726,3195161,2726,292793209050112,-2611,65,22900,42.282421,-83.746017,215.10001,1.38,185.22501,1.23,20.01,0.0,19.0,12.0,10.8,0
12,15796,2726,3195161,2726,292793209150199,-2611,66,23000,42.282421,-83.746017,215.0,1.48,184.0,1.22,20.01,0.0,8.46,12.0,8.3000002,38
12,15796,2726,3195161,2726,292793209250133,-2611,67,23100,42.282421,-83.746017,215.0,1.5599999,184.7375,1.16,20.01,-0.02,3.03,12.0,7.1999998,0
12,15796,2726,3195161,2726,292793209350137,-2611,68,23200,42.282421,-83.746017,215.10001,1.84,186.2,1.37,20.01,0.0,2.6199999,12.0,6.6999998,0
12,15796,2726,3195161,2726,292793209450141,-2611,69,23300,42.282421,-83.746017,215.10001,1.9,186.7625,1.35,20.01,0.0,3.0,12.0,6.5,0
12,15796,2726,3195161,2726,292793209550201,-2611,70,23400,42.28241,-83.746017,215.10001,2.0,187.41251,1.29,20.01,0.0,3.8699999,13.0,6.5,0
12,15796,2726,3195161,2726,292793209650187,-2611,71,23500,42.28241,-83.746017,215.10001,2.0999999,187.7375,1.22,20.01,0.0,4.1700001,13.0,6.6999998,14
12,15796,2726,3195161,2726,292793209750181,-2611,72,23600,42.28241,-83.746017,215.0,2.1800001,188.7,1.13,20.01,-0.02,5.3699999,13.0,7.0,38
12,15796,2726,3195161,2726,292793209850189,-2611,73,23700,42.28241,-83.746033,215.0,2.24,191.14999,1.02,20.01,-3.9999999E-2,9.7200003,13.0,7.4000001,30
12,15796,2726,3195161,2726,292793209950199,-2611,74,23800,42.28241,-83.746033,215.0,2.3199999,192.85001,0.93000001,20.01,-3.9999999E-2,13.27,13.0,7.9000001,4
12,15796,2726,3195161,2726,292793210050162,-2611,75,23900,42.282398,-83.746033,215.10001,2.6199999,195.53751,1.21,20.01,0.0,17.68,13.0,8.3000002,0
12,15796,2726,3195161,2726,292793210150157,-2611,76,24000,42.282398,-83.746033,215.2,2.8800001,198.33749,1.52,20.01,0.0,21.879999,13.0,8.6999998,0
12,15796,2726,3195161,2726,292793210250193,-2611,77,24100,42.282391,-83.746033,215.2,3.0599999,200.2,1.6799999,20.01,0.0,23.309999,13.0,8.8999996,0
12,15796,2726,3195161,2726,292793210350187,-2611,78,24200,42.282391,-83.746033,215.2,3.3,202.21249,1.86,20.01,0.0,23.41,13.0,9.1000004,0
12,15796,2726,3195161,2726,292793210450192,-2611,79,24300,42.282391,-83.74604,215.3,3.52,204.1375,1.97,20.01,0.0,22.639999,13.0,9.1999998,12
12,15796,2726,3195161,2726,292793210550190,-2611,80,24400,42.282379,-83.74604,215.3,3.6800001,205.75,1.96,20.01,0.0,20.98,13.0,9.3000002,37
12,15796,2726,3195161,2726,292793210650190,-2611,81,24500,42.282379,-83.746048,215.3,3.8599999,207.3,1.9299999,20.01,0.0,19.110001,13.0,9.5,40
12,15796,2726,3195161,2726,292793210750187,-2611,82,24600,42.282379,-83.746048,215.3,4.1199999,209.22501,2.02,20.01,0.0,18.200001,13.0,9.6999998,28
12,15796,2726,3195161,2726,292793210850196,-2611,83,24700,42.282379,-83.746063,215.3,4.2399998,210.875,1.92,20.01,0.0,17.42,13.0,10.1,22
12,15796,2726,3195161,2726,292793210950183,-2611,84,24800,42.282372,-83.746063,215.39999,4.3400002,212.6875,1.73,20.01,0.0,17.16,13.0,10.4,24
12,15796,2726,3195161,2726,292793211050162,-2611,85,24900,42.282372,-83.746063,215.39999,4.54,214.825,1.71,20.01,0.0,17.860001,13.0,10.8,33
12,15796,2726,3195161,2726,292793211150249,-2611,86,25000,42.28236,-83.746063,215.39999,4.5999999,216.53751,1.55,20.01,0.0,18.059999,14.0,11.3,43
12,15796,2726,3195161,2726,292793211250312,-2611,87,25100,42.28236,-83.746071,215.39999,4.7600002,218.64999,1.47,20.01,0.0,18.75,14.0,11.8,100
12,15796,2726,3195161,2726,292793211350226,-2611,88,25200,42.28236,-83.746078,215.39999,4.7399998,220.95,1.22,20.01,0.0,19.940001,14.0,12.3,42
12,15796,2726,3195161,2726,292793211450309,-2611,89,25300,42.28236,-83.746094,215.39999,5.0,222.96249,1.3099999,20.01,-0.02,20.559999,14.0,12.8,36
12,15796,2726,3195161,2726,292793211550226,-2611,90,25400,42.28236,-83.746094,215.39999,5.1199999,224.95,1.33,20.01,-0.02,20.73,14.0,13.2,36
12,15796,2726,3195161,2726,292793211650299,-2611,91,25500,42.282349,-83.746094,215.39999,5.2399998,226.91251,1.33,20.01,-0.02,20.6,14.0,13.6,38
12,15796,2726,3195161,2726,292793211750303,-2611,92,25600,42.282349,-83.746101,215.39999,5.3000002,228.7625,1.22,20.01,-0.02,20.120001,14.0,14.1,48
12,15796,2726,3195161,2726,292793211850308,-2611,93,25700,42.282349,-83.746109,215.39999,5.4000001,231.10001,1.13,20.01,-0.02,20.5,14.0,14.4,66
12,15796,2726,3195161,2726,292793211950280,-2611,94,25800,42.282349,-83.746117,215.39999,5.52,232.85001,1.1,20.01,0.0,20.129999,14.0,14.8,100
12,15796,2726,3195161,2726,292793212050223,-2611,95,25900,42.282341,-83.746117,215.39999,5.52,234.2,0.94,20.01,0.0,18.629999,14.0,15.2,45
12,15796,2726,3195161,2726,292793212150232,-2611,96,26000,42.282341,-83.746117,215.39999,5.5999999,235.5,0.86000001,20.01,0.0,16.790001,14.0,15.6,33
12,15796,2726,3195161,2726,292793212250307,-2611,97,26100,42.282341,-83.746132,215.39999,5.6199999,236.8,0.73000002,20.01,0.0,15.14,14.0,16.1,25
12,15796,2726,3195161,2726,292793212350311,-2611,98,26200,42.282341,-83.74614,215.39999,5.7800002,238.625,0.81,20.01,0.0,14.94,14.0,16.700001,25
12,15796,2726,3195161,2726,292793212450338,-2611,99,26300,42.282341,-83.746147,215.39999,5.9000001,240.25,0.88999999,20.01,0.0,15.08,14.0,17.299999,30
12,15796,2726,3195161,2726,292793212550303,-2611,100,26400,42.282341,-83.746147,215.39999,5.9000001,242.925,0.77999997,20.01,0.0,17.440001,14.0,18.0,66
12,15796,2726,3195161,2726,292793212650311,-2611,101,26500,42.282341,-83.746162,215.39999,6.02,245.5,0.81,20.01,0.0,20.219999,14.0,18.5,34
12,15796,2726,3195161,2726,292793212750302,-2611,102,26600,42.282341,-83.74617,215.39999,6.0999999,247.75,0.82999998,20.01,0.0,22.049999,14.0,18.799999,20
12,15796,2726,3195161,2726,292793212850302,-2611,103,26700,42.282341,-83.746178,215.39999,6.2399998,250.0,0.88999999,20.01,0.0,23.030001,14.0,18.9,16
12,15796,2726,3195161,2726,292793212950272,-2611,104,26800,42.282341,-83.746193,215.39999,6.2600002,252.27499,0.82999998,20.01,0.0,23.459999,14.0,18.799999,18
12,15796,2726,3195161,2726,292793213050225,-2611,105,26900,42.282341,-83.746193,215.39999,6.2600002,253.3625,0.69999999,20.01,0.0,21.23,14.0,18.700001,34
12,15796,2726,3195161,2726,292793213150224,-2611,106,27000,42.282341,-83.746201,215.39999,6.2600002,254.14999,0.54000002,20.01,0.0,17.52,14.0,18.700001,40
12,15796,2726,3195161,2726,292793213250300,-2611,107,27100,42.282341,-83.746223,215.39999,6.46,256.01251,0.67000002,20.01,0.0,15.9,14.0,18.799999,22
12,15796,2726,3195161,2726,292793213350291,-2611,108,27200,42.282341,-83.746223,215.39999,6.5999999,258.17499,0.85000002,20.01,0.0,16.209999,14.0,19.0,21
12,15796,2726,3195161,2726,292793213450317,-2611,109,27300,42.282341,-83.746231,215.3,6.5999999,259.13751,0.77999997,20.01,-0.02,15.07,14.0,19.299999,21
12,15796,2726,3195161,2726,292793213550307,-2611,110,27400,42.282341,-83.746239,215.3,6.6199999,259.83749,0.66000003,20.01,-0.02,12.93,14.0,19.799999,18
12,15796,2726,3195161,2726,292793213650371,-2611,111,27500,42.282341,-83.746246,215.3,6.8800001,261.45001,0.91000003,20.01,-0.02,12.49,15.0,20.5,22
12,15796,2726,3195161,2726,292793213750261,-2611,112,27600,42.282341,-83.746246,215.3,6.8800001,262.29999,0.88,20.01,0.0,11.5,15.0,21.4,24
12,15796,2726,3195161,2726,292793213850256,-2611,113,27700,42.282341,-83.746262,215.2,6.8800001,262.91251,0.74000001,20.01,-0.02,9.9700003,15.0,22.5,25
12,15796,2726,3195161,2726,292793213950308,-2611,114,27800,42.282341,-83.746269,215.2,6.96,263.1875,0.68000001,20.01,-0.02,7.79,15.0,24.0,22
12,15796,2726,3195161,2726,292793214050350,-2611,115,27900,42.282341,-83.746277,215.2,6.96,263.78751,0.55000001,20.01,-0.02,6.3699999,15.0,26.0,20
12,15796,2726,3195161,2726,292793214150270,-2611,116,28000,42.282341,-83.746292,215.10001,7.0,264.375,0.5,20.01,-0.02,5.5700002,15.0,28.4,22
12,15796,2726,3195161,2726,292793214250339,-2611,117,28100,42.282341,-83.7463,215.10001,7.1799998,265.58749,0.64999998,20.01,-0.02,6.4499998,15.0,31.299999,32
12,15796,2726,3195161,2726,292793214350349,-2611,118,28200,42.282341,-83.746307,215.10001,7.3200002,266.52499,0.82999998,20.01,0.0,7.46,15.0,34.799999,48
12,15796,2726,3195161,2726,292793214450332,-2611,119,28300,42.282341,-83.746323,215.10001,7.4400001,267.20001,0.94,20.01,0.0,7.8299999,15.0,38.599998,72
12,15796,2726,3195161,2726,292793214550386,-2611,120,28400,42.282341,-83.74633,215.10001,7.5,267.82501,0.93000001,20.01,0.0,7.6900001,15.0,42.900002,48
12,15796,2726,3195161,2726,292793214650390,-2611,121,28500,42.282341,-83.746338,215.0,7.48,268.04999,0.77999997,20.01,0.0,6.5700002,15.0,47.599998,79
12,15796,2726,3195161,2726,292793214750359,-2611,122,28600,42.282341,-83.746353,215.0,7.52,268.5,0.66000003,20.01,0.0,5.5900002,15.0,53.0,58
12,15796,2726,3195161,2726,292793214850356,-2611,123,28700,42.282341,-83.746353,215.0,7.52,269.41251,0.5,20.01,0.0,5.8099999,15.0,58.900002,48
12,15796,2726,3195161,2726,292793214950382,-2611,124,28800,42.282341,-83.746368,215.0,7.5799999,269.83749,0.44999999,20.01,0.0,5.5999999,15.0,65.300003,48
12,15796,2726,3195161,2726,292793215050352,-2611,125,28900,42.282341,-83.746384,215.0,7.5599999,270.48749,0.34,20.01,0.0,5.6799998,15.0,71.800003,52
12,15796,2726,3195161,2726,292793215150301,-2611,126,29000,42.282341,-83.746384,215.0,7.54,271.28751,0.20999999,20.01,0.0,6.1599998,15.0,78.0,87
12,15796,2726,3195161,2726,292793215250295,-2611,127,29100,42.282341,-83.746391,215.0,7.5799999,271.28751,0.20999999,20.01,0.0,5.1999998,15.0,84.0,69
12,15796,2726,3195161,2726,292793215350341,-2611,0,29200,42.282341,-83.746399,215.10001,7.6199999,271.16251,0.22,20.01,0.0,3.48,15.0,90.599998,40
12,15796,2726,3195161,2726,292793215450362,-2611,1,29300,42.282341,-83.746407,215.10001,7.6199999,271.17499,0.20999999,20.01,0.0,1.96,15.0,98.800003,32
12,15796,2726,3195161,2726,292793215550357,-2611,2,29400,42.282341,-83.746422,215.10001,7.6399999,271.08749,0.18000001,20.01,0.0,0.66000003,15.0,110.0,27
12,15796,2726,3195161,2726,292793215650326,-2611,3,29500,42.282341,-83.746429,215.10001,7.6199999,271.28751,0.11,20.01,0.0,0.27000001,15.0,125.4,27
12,15796,2726,3195161,2726,292793215750357,-2611,4,29600,42.282341,-83.746437,215.10001,7.5599999,270.73749,0.0,20.01,0.0,-1.04,15.0,148.7,26
12,15796,2726,3195161,2726,292793215850387,-2611,5,29700,42.282341,-83.746437,215.10001,7.5999999,270.51251,0.0,20.01,0.0,-1.91,15.0,187.10001,28
12,15796,2726,3195161,2726,292793215950359,-2611,6,29800,42.282341,-83.74646,215.10001,7.5999999,270.70001,0.0,20.01,0.0,-1.62,15.0,254.5,34
12,15796,2726,3195161,2726,292793216050265,-2611,7,29900,42.282341,-83.746468,215.0,7.5599999,269.92499,-3.9999999E-2,20.01,-0.02,-2.6600001,15.0,408.10001,36
12,15796,2726,3195161,2726,292793216150254,-2611,8,30000,42.282341,-83.746483,215.10001,7.5599999,270.22501,-5.0000001E-2,20.01,0.0,-2.0699999,15.0,982.09998,44
12,15796,2726,3195161,2726,292793216250252,-2611,9,30100,42.282341,-83.746483,215.0,7.5,270.33749,-0.13,20.01,-0.02,-1.16,15.0,3276.7,100
12,15796,2726,3195161,2726,292793216350351,-2611,10,30200,42.282341,-83.74649,215.0,7.54,270.33749,-0.1,20.01,-0.02,-0.47999999,15.0,-767.70001,46
12,15796,2726,3195161,2726,292793216450356,-2611,11,30300,42.282341,-83.746513,215.10001,7.52,270.07501,-9.0000004E-2,20.01,0.0,-0.56,15.0,-467.10001,43
12,15796,2726,3195161,2726,292793216550273,-2611,12,30400,42.282341,-83.746513,215.0,7.54,269.91251,-2.9999999E-2,20.01,0.0,-0.80000001,15.0,-356.89999,46
12,15796,2726,3195161,2726,292793216650244,-2611,13,30500,42.282341,-83.746521,215.0,7.5599999,270.07501,0.0,20.01,0.0,-0.44999999,15.0,-305.79999,48
12,15796,2726,3195161,2726,292793216750252,-2611,14,30600,42.282341,-83.746529,215.0,7.5,270.10001,-7.9999998E-2,20.01,0.0,-0.15000001,15.0,-282.20001,48
12,15796,2726,3195161,2726,292793216850273,-2611,15,30700,42.282341,-83.746536,215.0,7.54,270.08749,-0.02,20.01,0.0,0.0,15.0,-274.60001,51
12,15796,2726,3195161,2726,292793216950273,-2611,16,30800,42.282341,-83.746552,215.0,7.5799999,270.11249,5.0000001E-2,20.01,0.0,0.14,15.0,-279.20001,58
12,15796,2726,3195161,2726,292793217050262,-2611,17,30900,42.282341,-83.746559,214.89999,7.54,270.23749,0.0,20.01,0.0,0.41,15.0,-296.0,60
12,15796,2726,3195161,2726,292793217150276,-2611,18,31000,42.282341,-83.746567,214.89999,7.54,270.32501,0.0,20.01,-0.02,0.63999999,15.0,-328.0,59
12,15796,2726,3195161,2726,292793217250276,-2611,19,31100,42.282341,-83.746567,214.89999,7.5599999,270.39999,2.9999999E-2,20.01,-0.02,0.75999999,15.0,-381.79999,62
12,15796,2726,3195161,2726,292793217350266,-2611,20,31200,42.282341,-83.746582,214.89999,7.5799999,270.60001,5.0000001E-2,20.01,0.0,1.09,15.0,-476.5,58
12,15796,2726,3195161,2726,292793217450350,-2611,21,31300,42.282341,-83.746597,214.89999,7.5599999,270.64999,0.02,20.01,0.0,1.11,15.0,-657.0,64
12,15796,2726,3195161,2726,292793217550270,-2611,22,31400,42.282341,-83.746597,214.89999,7.5599999,270.75,0.0,20.01,0.0,1.1,15.0,-1085.7,74
12,15796,2726,3195161,2726,292793217650239,-2611,23,31500,42.282341,-83.746613,214.8,7.5599999,271.0625,9.9999998E-3,20.01,0.0,1.5,15.0,3276.7,68
12,15796,2726,3195161,2726,292793217750274,-2611,24,31600,42.282341,-83.74662,214.8,7.52,271.13751,-3.9999999E-2,20.01,0.0,1.54,15.0,3276.7,70
12,15796,2726,3195161,2726,292793217850353,-2611,25,31700,42.282341,-83.746628,214.8,7.5599999,271.01251,0.0,20.01,0.0,1.03,15.0,1074.7,96
12,15796,2726,3195161,2726,292793217950278,-2611,26,31800,42.282341,-83.746643,214.8,7.52,271.08749,-5.0000001E-2,20.01,0.0,0.70999998,15.0,704.20001,76
12,15796,2726,3195161,2726,292793218050266,-2611,27,31900,42.282341,-83.746651,214.8,7.52,271.41251,-5.9999999E-2,20.01,0.0,1.0599999,15.0,541.40002,82
12,15796,2726,3195161,2726,292793218150274,-2611,28,32000,42.282341,-83.746658,214.8,7.5799999,271.35001,3.9999999E-2,20.01,0.0,0.89999998,15.0,455.10001,82
12,15796,2726,3195161,2726,292793218250277,-2611,29,32100,42.282341,-83.746674,214.7,7.52,271.71249,-0.02,20.01,0.0,1.35,15.0,398.5,97
12,15796,2726,3195161,2726,292793218350269,-2611,30,32200,42.282341,-83.746674,214.7,7.52,271.75,-2.9999999E-2,20.01,0.0,1.39,15.0,359.20001,86
12,15796,2726,3195161,2726,292793218450271,-2611,31,32300,42.282341,-83.746689,214.7,7.5,271.54999,-0.07,20.01,0.0,0.72000003,15.0,337.10001,91
12,15796,2726,3195161,2726,292793218550366,-2611,32,32400,42.282341,-83.746696,214.7,7.54,271.95001,-9.9999998E-3,20.01,0.0,1.03,15.0,323.29999,94
12,15796,2726,3195161,2726,292793218650248,-2611,33,32500,42.282341,-83.746696,214.7,7.46,271.8125,-0.1,20.01,0.0,0.73000002,15.0,317.79999,84
12,15796,2726,3195161,2726,292793218750357,-2611,34,32600,42.282341,-83.746712,214.7,7.54,272.16251,0.0,20.01,0.0,1.12,15.0,315.39999,98
12,15796,2726,3195161,2726,292793218850361,-2611,35,32700,42.282349,-83.746719,214.60001,7.5,272.20001,-9.9999998E-3,20.01,0.0,1.15,15.0,315.10001,94
12,15796,2726,3195161,2726,292793218950356,-2611,36,32800,42.282341,-83.746727,214.7,7.52,271.91251,-9.9999998E-3,20.01,0.0,0.40000001,15.0,322.70001,80
12,15796,2726,3195161,2726,292793219050357,-2611,37,32900,42.282349,-83.746742,214.60001,7.52,272.32501,0.0,20.01,0.0,0.74000001,15.0,334.29999,84
12,15796,2726,3195161,2726,292793219150348,-2611,38,33000,42.282349,-83.74675,214.60001,7.52,272.14999,0.0,20.01,0.0,0.41999999,15.0,352.5,76
12,15796,2726,3195161,2726,292793219250355,-2611,39,33100,42.282349,-83.746758,214.60001,7.5,272.10001,-2.9999999E-2,20.01,0.0,0.1,15.0,381.10001,65
12,15796,2726,3195161,2726,292793219350278,-2611,40,33200,42.282349,-83.746773,214.60001,7.5,272.16251,-0.02,20.01,0.0,3.9999999E-2,15.0,422.60001,64
12,15796,2726,3195161,2726,292793219450396,-2611,41,33300,42.282349,-83.74678,214.60001,7.46,272.17499,-0.07,20.01,0.0,0.02,15.0,480.5,69
12,15796,2726,3195161,2726,292793219550356,-2611,42,33400,42.282349,-83.746788,214.60001,7.5,272.10001,-3.9999999E-2,20.01,0.0,-0.12,15.0,564.70001,72
12,15796,2726,3195161,2726,292793219650320,-2611,43,33500,42.282349,-83.746803,214.5,7.5,272.29999,-0.02,20.01,0.0,0.20999999,15.0,676.29999,92
12,15796,2726,3195161,2726,292793219750331,-2611,44,33600,42.282349,-83.746803,214.60001,7.46,272.51251,-5.9999999E-2,20.01,0.0,0.74000001,15.0,797.09998,75
12,15796,2726,3195161,2726,292793219850404,-2611,45,33700,42.282349,-83.746811,214.60001,7.48,272.5,-3.9999999E-2,20.01,0.0,0.81999999,15.0,910.20001,60
12,15796,2726,3195161,2726,292793219950420,-2611,46,33800,42.282349,-83.746819,214.60001,7.3600001,272.29999,-0.20999999,20.01,0.0,0.33000001,15.0,1037.7,80
12,15796,2726,3195161,2726,292793220050358,-2611,47,33900,42.282349,-83.746834,214.5,7.4200001,272.5,-0.14,20.01,0.0,0.38999999,15.0,1169.9,92
12,15796,2726,3195161,2726,292793220150358,-2611,48,34000,42.282349,-83.746841,214.39999,7.3000002,272.42499,-0.27000001,20.01,-0.02,0.20999999,15.0,1323.1,94
12,15796,2726,3195161,2726,292793220250357,-2611,49,34100,42.282349,-83.746849,214.39999,7.2199998,272.66251,-0.38999999,20.01,-3.9999999E-2,0.54000002,15.0,1436.2,98
12,15796,2726,3195161,2726,292793220350355,-2611,50,34200,42.282349,-83.746857,214.39999,7.1999998,272.96249,-0.43000001,20.01,-0.02,1.1900001,15.0,1380.8,70
12,15796,2726,3195161,2726,292793220450286,-2611,51,34300,42.282349,-83.746857,214.3,7.0,272.86249,-0.66000003,20.01,-3.9999999E-2,1.08,15.0,1227.8,66
12,15796,2726,3195161,2726,292793220550360,-2611,52,34400,42.282349,-83.746872,214.3,6.9000001,272.79999,-0.81,20.01,-0.02,0.69999999,15.0,1087.4,86
12,15796,2726,3195161,2726,292793220650331,-2611,53,34500,42.282349,-83.74688,214.3,6.8400002,273.39999,-0.81999999,20.01,0.0,1.52,15.0,904.29999,66
12,15796,2726,3195161,2726,292793220750395,-2611,54,34600,42.282349,-83.746887,214.3,6.7800002,273.13751,-0.77999997,20.01,0.0,1.12,15.0,759.70001,78
12,15796,2726,3195161,2726,292793220850364,-2611,55,34700,42.282349,-83.746887,214.3,6.5799999,273.29999,-0.94999999,20.01,0.0,1.02,15.0,652.40002,92
12,15796,2726,3195161,2726,292793220950360,-2611,56,34800,42.28236,-83.746902,214.2,6.54,273.29999,-0.94,20.01,0.0,0.79000002,15.0,579.5,90
12,15796,2726,3195161,2726,292793221050357,-2611,57,34900,42.28236,-83.74691,214.2,6.4400001,273.20001,-0.94,20.01,0.0,0.31999999,15.0,540.20001,64
12,15796,2726,3195161,2726,292793221150285,-2611,58,35000,42.28236,-83.746918,214.2,6.3000002,273.11249,-1.02,20.01,0.0,-0.14,15.0,533.5,48
12,15796,2726,3195161,2726,292793221250389,-2611,59,35100,42.28236,-83.746933,214.2,6.2600002,272.95001,-0.95999998,20.01,0.0,-0.67000002,15.0,566.90002,44
12,15796,2726,3195161,2726,292793221350391,-2611,60,35200,42.28236,-83.746933,214.2,6.1399999,272.95001,-0.94999999,20.01,0.0,-0.79000002,15.0,650.40002,44
12,15796,2726,3195161,2726,292793221450334,-2611,61,35300,42.28236,-83.746941,214.2,5.98,272.78751,-1.04,20.01,0.0,-1.02,15.0,832.5,45
12,15796,2726,3195161,2726,292793221550361,-2611,62,35400,42.28236,-83.746948,214.2,5.9000001,272.79999,-1.05,20.01,0.0,-0.89999998,15.0,1250.8,50
12,15796,2726,3195161,2726,292793221650368,-2611,63,35500,42.28236,-83.746964,214.2,5.8400002,272.75,-0.98000002,20.01,0.0,-0.77999997,15.0,3276.7,75
12,15796,2726,3195161,2726,292793221750392,-2611,64,35600,42.28236,-83.746964,214.10001,5.6599998,272.70001,-1.0700001,20.01,0.0,-0.66000003,15.0,3276.7,97
12,15796,2726,3195161,2726,292793221850400,-2611,65,35700,42.28236,-83.746971,214.10001,5.6199999,272.67499,-1.02,20.01,0.0,-0.50999999,15.0,3276.7,86
12,15796,2726,3195161,2726,292793221950398,-2611,66,35800,42.28236,-83.746979,214.10001,5.46,272.77499,-1.08,20.01,0.0,-0.15000001,15.0,-1304.6,66
12,15796,2726,3195161,2726,292793222050400,-2611,67,35900,42.28236,-83.746979,214.10001,5.2800002,272.82501,-1.2,20.01,0.0,0.15000001,15.0,-1025.4,50
12,15796,2726,3195161,2726,292793222150397,-2611,68,36000,42.28236,-83.746986,214.10001,5.0999999,272.53751,-1.35,20.01,0.0,-0.28,15.0,-875.59998,70
12,15796,2726,3195161,2726,292793222250395,-2611,69,36100,42.28236,-83.746986,214.10001,4.9000001,272.23749,-1.49,20.01,0.0,-1.03,15.0,-733.90002,85
12,15796,2726,3195161,2726,292793222350369,-2611,70,36200,42.28236,-83.746986,214.10001,4.7199998,272.33749,-1.59,20.01,0.0,-1.0,15.0,-617.29999,67
12,15796,2726,3195161,2726,292793222450285,-2611,71,36300,42.28236,-83.747002,214.10001,4.46,272.39999,-1.79,20.01,0.0,-0.68000001,15.0,-537.20001,77
12,15796,2726,3195161,2726,292793222550404,-2611,72,36400,42.28236,-83.747009,214.10001,4.1599998,272.21249,-2.04,20.01,0.0,-0.73000002,15.0,-476.89999,84
12,15796,2726,3195161,2726,292793222650400,-2611,73,36500,42.28236,-83.747009,214.10001,3.9200001,272.36249,-2.1800001,20.01,0.0,-0.31999999,15.0,-441.79999,92
12,15796,2726,3195161,2726,292793222750397,-2611,74,36600,42.28236,-83.747017,214.10001,3.6600001,272.10001,-2.28,20.01,0.0,-0.56999999,15.0,-414.60001,92
12,15796,2726,3195161,2726,292793222850394,-2611,75,36700,42.28236,-83.747017,214.10001,3.3800001,272.45001,-2.4000001,20.01,0.0,7.9999998E-2,15.0,-411.10001,68
12,15796,2726,3195161,2726,292793222950398,-2611,76,36800,42.28236,-83.747017,214.10001,3.1400001,272.01251,-2.45,20.01,0.0,-0.44,15.0,-408.10001,83
12,15796,2726,3195161,2726,292793223050364,-2611,77,36900,42.28236,-83.747017,214.0,2.8800001,272.11249,-2.49,20.01,0.0,-0.41999999,15.0,-405.10001,93
12,15796,2726,3195161,2726,292793223150277,-2611,78,37000,42.28236,-83.747017,214.0,2.74,271.27499,-2.3499999,20.01,-0.02,-1.97,15.0,-353.39999,48
12,15796,2726,3195161,2726,292793223250253,-2611,79,37100,42.28236,-83.747032,214.0,2.48,270.54999,-2.3399999,20.01,-0.02,-3.75,15.0,-254.60001,34
12,15796,2726,3195161,2726,292793223350366,-2611,80,37200,42.28236,-83.747032,214.0,2.1800001,270.92499,-2.4300001,20.01,0.0,-3.1800001,15.0,-180.3,36
12,15796,2726,3195161,2726,292793223450391,-2611,81,37300,42.28236,-83.747032,214.0,1.9,270.96249,-2.53,20.01,0.0,-2.2,15.0,-136.10001,45
12,15796,2726,3195161,2726,292793223550281,-2611,82,37400,42.28236,-83.747032,214.0,1.66,269.8125,-2.55,20.01,0.0,-3.53,15.0,-101.9,44
12,15796,2726,3195161,2726,292793223650279,-2611,83,37500,42.28236,-83.74704,214.0,1.4400001,270.89999,-2.5,20.01,0.0,-1.39,15.0,-83.199997,80
12,15796,2726,3195161,2726,292793223750279,-2611,84,37600,42.28236,-83.74704,214.0,1.26,271.85001,-2.3800001,20.01,0.0,1.79,15.0,-79.800003,31
12,15796,2726,3195161,2726,292793223850456,-2611,85,37700,42.28236,-83.74704,214.0,0.95999998,271.85001,-2.4000001,20.01,0.0,2.6400001,15.0,3276.7,0
12,15796,2726,3195161,2726,292793223950277,-2611,86,37800,42.28236,-83.74704,214.0,0.77999997,271.85001,-2.3299999,20.01,0.0,2.49,15.0,3276.7,0
12,15796,2726,3195161,2726,292793224050275,-2611,87,37900,42.28236,-83.74704,214.0,0.68000001,271.85001,-2.0899999,20.01,0.0,2.6099999,15.0,3276.7,0
12,15796,2726,3195161,2726,292793224150275,-2611,88,38000,42.28236,-83.74704,214.0,0.47999999,271.85001,-1.99,20.01,0.0,0.25,15.0,3276.7,0
12,15796,2726,3195161,2726,292793224250262,-2611,89,38100,42.28236,-83.74704,214.0,0.36000001,271.85001,-1.84,20.01,0.0,-4.4899998,15.0,3276.7,0
12,15796,2726,3195161,2726,292793224350398,-2611,90,38200,42.28236,-83.74704,214.0,0.30000001,271.85001,-1.59,20.01,0.0,-8.75,15.0,3276.7,0
12,15796,2726,3195161,2726,292793224450267,-2611,91,38300,42.28236,-83.74704,214.0,0.25999999,271.85001,-1.33,20.01,0.0,170.84,15.0,3276.7,0
12,15796,2726,3195161,2726,292793224550270,-2611,92,38400,42.28236,-83.74704,214.0,0.22,271.85001,-1.08,20.01,0.0,226.27,15.0,3276.7,0
12,15796,2726,3195161,2726,292793224650263,-2611,93,38500,42.28236,-83.74704,214.0,0.22,271.85001,-0.82999998,20.01,0.0,209.52,15.0,3276.7,0
12,15796,2726,3195161,2726,292793224750268,-2611,94,38600,42.28236,-83.74704,214.0,0.25999999,271.85001,-0.56999999,20.01,0.0,-13.47,15.0,3276.7,0
12,15796,2726,3195161,2726,292793224850254,-2611,95,38700,42.28236,-83.74704,213.89999,0.28,271.85001,-0.34,20.01,-0.02,-112.24,15.0,3276.7,0
12,15796,2726,3195161,2726,292793224950343,-2611,96,38800,42.28236,-83.74704,213.89999,0.31999999,271.85001,-0.16,20.01,-0.02,-136.78,15.0,3276.7,0
12,15796,2726,3195161,2726,292793225050275,-2611,97,38900,42.28236,-83.74704,214.0,0.36000001,271.85001,0.0,20.01,0.0,-128.11,15.0,3276.7,0
12,15796,2726,3195161,2726,292793225150267,-2611,98,39000,42.28236,-83.74704,213.89999,0.41999999,271.85001,0.14,20.01,0.0,-104.06,15.0,3276.7,0
12,15796,2726,3195161,2726,292793225250311,-2611,99,39100,42.28236,-83.747047,213.89999,0.41999999,271.85001,0.19,20.01,0.0,-67.389999,15.0,3276.7,0
12,15796,2726,3195161,2726,292793225350266,-2611,100,39200,42.28236,-83.747047,213.89999,0.44,271.85001,0.20999999,20.01,0.0,-34.630001,15.0,3276.7,0
12,15796,2726,3195161,2726,292793225450336,-2611,101,39300,42.28236,-83.747047,213.89999,0.54000002,271.85001,0.34,20.01,0.0,-8.6400003,15.0,3276.7,0
12,15796,2726,3195161,2726,292793225550332,-2611,102,39400,42.28236,-83.747047,214.0,0.60000002,271.85001,0.41999999,20.01,0.0,3.0,15.0,3276.7,0
12,15796,2726,3195161,2726,292793225650249,-2611,103,39500,42.28236,-83.747047,213.89999,0.68000001,271.85001,0.50999999,20.01,0.0,7.6599998,15.0,3276.7,0
12,15796,2726,3195161,2726,292793225750259,-2611,104,39600,42.28236,-83.747047,214.0,0.77999997,271.85001,0.61000001,20.01,0.0,7.6700001,15.0,3276.7,0
12,15796,2726,3195161,2726,292793225850387,-2611,105,39700,42.28236,-83.747047,214.0,0.95999998,271.85001,0.80000001,20.01,0.0,7.0,15.0,3276.7,0
12,15796,2726,3195161,2726,292793225950396,-2611,106,39800,42.28236,-83.747047,214.10001,1.0599999,271.85001,0.93000001,20.01,0.0,9.3599997,15.0,-137.5,0
12,15796,2726,3195161,2726,292793226050387,-2611,107,39900,42.28236,-83.747063,214.10001,1.26,271.85001,1.12,20.01,0.0,13.73,15.0,271.0,0
12,15796,2726,3195161,2726,292793226150477,-2611,108,40000,42.28236,-83.747063,214.0,1.48,277.73749,1.35,20.01,0.0,11.73,15.0,58.599998,0
12,15796,2726,3195161,2726,292793226250349,-2611,109,40100,42.28236,-83.747063,214.0,1.64,276.14999,1.47,20.01,0.0,5.3699999,15.0,34.299999,28
12,15796,2726,3195161,2726,292793226350425,-2611,110,40200,42.28236,-83.747063,213.89999,1.88,276.08749,1.65,20.01,-3.9999999E-2,1.04,15.0,26.200001,30
12,15796,2726,3195161,2726,292793226450432,-2611,111,40300,42.28236,-83.747063,213.89999,2.0999999,275.45001,1.8,20.01,-5.9999999E-2,-2.53,15.0,23.1,0
12,15796,2726,3195161,2726,292793226550437,-2611,112,40400,42.28236,-83.747063,214.0,2.22,276.86249,1.77,20.01,-0.02,-1.05,15.0,21.9,0
12,15796,2726,3195161,2726,292793226650263,-2611,113,40500,42.28236,-83.74707,214.0,2.4400001,276.6875,1.8200001,20.01,0.0,-0.46000001,15.0,21.799999,12
12,15796,2726,3195161,2726,292793226750427,-2611,114,40600,42.28236,-83.74707,214.0,2.5799999,277.1875,1.78,20.01,0.0,0.88,15.0,22.4,30
12,15796,2726,3195161,2726,292793226850435,-2611,115,40700,42.28236,-83.747078,214.0,2.74,276.54999,1.75,20.01,0.0,0.15000001,15.0,23.700001,42
12,15796,2726,3195161,2726,292793226950425,-2611,116,40800,42.28236,-83.747078,214.0,2.9200001,276.5,1.73,20.01,0.0,-0.33000001,15.0,25.799999,58
12,15796,2726,3195161,2726,292793227050383,-2611,117,40900,42.28236,-83.747093,214.0,3.1199999,276.58749,1.77,20.01,0.0,-0.34999999,15.0,29.0,90
12,15796,2726,3195161,2726,292793227150394,-2611,118,41000,42.28236,-83.747093,214.0,3.3,276.5,1.78,20.01,0.0,-0.44999999,15.0,33.5,96
12,15796,2726,3195161,2726,292793227250439,-2611,119,41100,42.28236,-83.747093,214.0,3.4200001,276.39999,1.6900001,20.01,0.0,-0.62,15.0,39.900002,96
12,15796,2726,3195161,2726,292793227350435,-2611,120,41200,42.28236,-83.747093,214.0,3.6400001,276.20001,1.74,20.01,0.0,-0.98000002,15.0,49.700001,88
12,15796,2726,3195161,2726,292793227450433,-2611,121,41300,42.28236,-83.747101,214.0,3.8599999,275.78751,1.8200001,20.01,0.0,-1.76,15.0,65.5,52
12,15796,2726,3195161,2726,292793227550397,-2611,122,41400,42.28236,-83.747108,213.89999,4.02,275.77499,1.8200001,20.01,-0.02,-1.8200001,15.0,94.699997,48
12,15796,2726,3195161,2726,292793227650434,-2611,123,41500,42.28236,-83.747108,214.0,4.1999998,275.63751,1.8200001,20.01,0.0,-1.77,15.0,161.60001,50
12,15796,2726,3195161,2726,292793227750401,-2611,124,41600,42.28236,-83.747124,214.0,4.46,275.41251,1.9400001,20.01,0.0,-1.83,15.0,448.0,61
12,15796,2726,3195161,2726,292793227850425,-2611,125,41700,42.28236,-83.747124,213.89999,4.5799999,275.33749,1.87,20.01,0.0,-1.65,15.0,-817.29999,81
12,15796,2726,3195161,2726,292793227950426,-2611,126,41800,42.28236,-83.747131,214.0,4.8200002,274.97501,1.9400001,20.01,0.0,-1.95,15.0,-238.8,83
12,15796,2726,3195161,2726,292793228050339,-2611,127,41900,42.28236,-83.747139,214.0,5.04,274.75,1.99,20.01,0.0,-2.1600001,15.0,-149.8,79
12,15796,2726,3195161,2726,292793228150437,-2611,0,42000,42.28236,-83.747147,214.0,5.2199998,274.66251,1.97,20.01,0.0,-2.0,15.0,-115.4,88
12,15796,2726,3195161,2726,292793228250428,-2611,1,42100,42.28236,-83.747147,214.10001,5.3600001,274.98749,1.9,20.01,0.0,-0.89999998,15.0,-99.400002,63
12,15796,2726,3195161,2726,292793228350397,-2611,2,42200,42.28236,-83.747147,214.10001,5.48,274.88751,1.77,20.01,0.0,-0.38,15.0,-92.0,45
12,15796,2726,3195161,2726,292793228450438,-2611,3,42300,42.28236,-83.747162,213.89999,5.6599998,274.0625,1.71,20.01,0.0,-1.65,15.0,-88.300003,70
12,15796,2726,3195161,2726,292793228550438,-2611,4,42400,42.28236,-83.747169,213.89999,5.8400002,273.73749,1.6900001,20.01,-3.9999999E-2,-2.5899999,15.0,-86.5,64
12,15796,2726,3195161,2726,292793228650434,-2611,5,42500,42.28236,-83.747177,213.89999,5.9200001,272.89999,1.5700001,20.01,-3.9999999E-2,-4.1900001,15.0,-84.900002,38
12,15796,2726,3195161,2726,292793228750279,-2611,6,42600,42.28236,-83.747177,213.89999,6.04,272.25,1.47,20.01,-3.9999999E-2,-5.4299998,15.0,-82.800003,30
12,15796,2726,3195161,2726,292793228850428,-2611,7,42700,42.28236,-83.747192,213.89999,6.1599998,272.57501,1.4,20.01,-0.02,-4.3400002,15.0,-81.099998,36
12,15796,2726,3195161,2726,292793228950425,-2611,8,42800,42.28236,-83.7472,213.89999,6.2600002,272.51251,1.3,20.01,0.0,-3.0699999,15.0,-80.599998,56
12,15796,2726,3195161,2726,292793229050393,-2611,9,42900,42.28236,-83.747208,213.89999,6.4200001,272.32501,1.3200001,20.01,0.0,-2.21,15.0,-81.599998,52
12,15796,2726,3195161,2726,292793229150424,-2611,10,43000,42.28236,-83.747223,213.89999,6.5599999,272.04999,1.33,20.01,0.0,-1.88,15.0,-84.199997,40
12,15796,2726,3195161,2726,292793229250392,-2611,11,43100,42.28236,-83.747223,213.89999,6.6799998,271.67499,1.3200001,20.01,0.0,-2.0899999,15.0,-88.099998,41
12,15796,2726,3195161,2726,292793229350383,-2611,12,43200,42.28236,-83.747238,213.89999,6.8600001,271.45001,1.38,20.01,0.0,-2.22,15.0,-93.199997,46
12,15796,2726,3195161,2726,292793229450389,-2611,13,43300,42.28236,-83.747253,213.89999,7.02,271.39999,1.4299999,20.01,0.0,-1.96,15.0,-99.599998,49
12,15796,2726,3195161,2726,292793229550391,-2611,14,43400,42.28236,-83.747253,213.89999,7.1199999,271.39999,1.39,20.01,0.0,-1.4299999,15.0,-107.9,48
12,15796,2726,3195161,2726,292793229650421,-2611,15,43500,42.28236,-83.747261,213.89999,7.2800002,271.36249,1.38,20.01,0.0,-0.97000003,15.0,-119.0,47
12,15796,2726,3195161,2726,292793229750275,-2611,16,43600,42.28236,-83.747269,213.8,7.4200001,271.42499,1.39,20.01,0.0,-0.43000001,15.0,-134.0,44
12,15796,2726,3195161,2726,292793229850429,-2611,17,43700,42.28236,-83.747276,213.8,7.5,271.60001,1.3099999,20.01,-0.02,0.23999999,15.0,-155.5,41
12,15796,2726,3195161,2726,292793229950407,-2611,18,43800,42.28236,-83.747292,213.8,7.6199999,271.5625,1.26,20.01,-0.02,0.47,15.0,-187.0,41
12,15796,2726,3195161,2726,292793230050352,-2611,19,43900,42.282372,-83.747299,213.8,7.7600002,271.63751,1.27,20.01,0.0,0.63,15.0,-235.3,44
12,15796,2726,3195161,2726,292793230150394,-2611,20,44000,42.282372,-83.747307,213.7,7.9200001,272.0,1.3,20.01,-0.02,1.29,15.0,-319.70001,42
12,15796,2726,3195161,2726,292793230250282,-2611,21,44100,42.282372,-83.747322,213.7,8.0600004,271.86249,1.35,20.01,-0.02,1.1,15.0,-490.0,47
12,15796,2726,3195161,2726,292793230350361,-2611,22,44200,42.282372,-83.74733,213.7,8.2399998,272.04999,1.41,20.01,0.0,1.17,15.0,-984.79999,57
12,15796,2726,3195161,2726,292793230450357,-2611,23,44300,42.282372,-83.747337,213.60001,8.3199997,271.95001,1.35,20.01,-0.02,0.77999997,15.0,3276.7,91
12,15796,2726,3195161,2726,292793230550358,-2611,24,44400,42.282372,-83.747353,213.60001,8.46,272.0625,1.33,20.01,-0.02,0.64999998,15.0,1482.8,85
12,15796,2726,3195161,2726,292793230650356,-2611,25,44500,42.282372,-83.74736,213.60001,8.5,271.9375,1.1799999,20.01,0.0,0.2,15.0,776.20001,59
12,15796,2726,3195161,2726,292793230750277,-2611,26,44600,42.282372,-83.747368,213.60001,8.6000004,272.11249,1.1,20.01,0.0,0.28999999,15.0,569.59998,58
12,15796,2726,3195161,2726,292793230850356,-2611,27,44700,42.282372,-83.747383,213.5,8.6199999,272.20001,0.93000001,20.01,0.0,0.43000001,15.0,476.29999,70
12,15796,2726,3195161,2726,292793230950331,-2611,28,44800,42.282372,-83.747391,213.39999,8.6599998,272.29999,0.81,20.01,-0.02,0.63,15.0,426.10001,90
12,15796,2726,3195161,2726,292793231050242,-2611,29,44900,42.282372,-83.747414,213.5,8.7399998,272.51251,0.74000001,20.01,0.0,1.02,15.0,394.60001,82
12,15796,2726,3195161,2726,292793231150279,-2611,30,45000,42.282372,-83.747414,213.39999,8.7799997,272.5625,0.68000001,20.01,0.0,1.11,15.0,374.20001,69
12,15796,2726,3195161,2726,292793231250279,-2611,31,45100,42.282372,-83.747421,213.39999,8.8199997,272.51251,0.60000002,20.01,0.0,0.82999998,15.0,363.89999,79
12,15796,2726,3195161,2726,292793231350362,-2611,32,45200,42.282372,-83.747437,213.5,8.8800001,272.70001,0.56999999,20.01,0.0,0.91000003,15.0,360.20001,85
12,15796,2726,3195161,2726,292793231450437,-2611,33,45300,42.282372,-83.747437,213.39999,8.8199997,272.66251,0.38999999,20.01,0.0,0.69,15.0,363.60001,100
12,15796,2726,3195161,2726,292793231550355,-2611,34,45400,42.282372,-83.747459,213.39999,8.8400002,272.70001,0.28,20.01,0.0,0.5,15.0,374.70001,86
12,15796,2726,3195161,2726,292793231650396,-2611,35,45500,42.282372,-83.747467,213.39999,8.8000002,272.58749,0.16,20.01,0.0,0.1,15.0,396.89999,66
12,15796,2726,3195161,2726,292793231750275,-2611,36,45600,42.282372,-83.747467,213.39999,8.8400002,272.88751,0.14,20.01,0.0,0.46000001,15.0,426.5,76
12,15796,2726,3195161,2726,292793231850353,-2611,37,45700,42.282372,-83.74749,213.39999,8.8199997,272.72501,7.9999998E-2,20.01,0.0,0.23999999,15.0,467.0,78
12,15796,2726,3195161,2726,292793231950329,-2611,38,45800,42.282372,-83.747498,213.39999,8.8000002,272.625,0.02,20.01,0.0,-0.1,15.0,527.09998,69
12,15796,2726,3195161,2726,292793232050419,-2611,39,45900,42.282372,-83.747513,213.5,8.8199997,272.58749,2.9999999E-2,20.01,0.0,-0.33000001,15.0,619.59998,62
12,15796,2726,3195161,2726,292793232150359,-2611,40,46000,42.282372,-83.74752,213.39999,8.8000002,272.76251,-9.9999998E-3,20.01,0.0,-2.9999999E-2,15.0,752.40002,77
12,15796,2726,3195161,2726,292793232250433,-2611,41,46100,42.282379,-83.747528,213.39999,8.8000002,272.70001,0.0,20.01,0.0,0.0,15.0,947.0,91
12,15796,2726,3195161,2726,292793232350429,-2611,42,46200,42.282379,-83.747543,213.39999,8.8199997,272.57501,9.9999998E-3,20.01,0.0,-0.23,15.0,1273.1,90
12,15796,2726,3195161,2726,292793232450367,-2611,43,46300,42.282379,-83.747551,213.39999,8.7799997,272.76251,-2.9999999E-2,20.01,0.0,5.9999999E-2,15.0,3276.7,96
12,15796,2726,3195161,2726,292793232550434,-2611,44,46400,42.282379,-83.747566,213.39999,8.8400002,272.4375,0.02,20.01,0.0,-0.44,15.0,3276.7,90
12,15796,2726,3195161,2726,292793232650362,-2611,45,46500,42.282379,-83.747566,213.39999,8.8199997,272.35001,2.9999999E-2,20.01,0.0,-0.77999997,15.0,3276.7,71
12,15796,2726,3195161,2726,292793232750430,-2611,46,46600,42.282379,-83.747581,213.39999,8.8199997,272.41251,2.9999999E-2,20.01,0.0,-0.66000003,15.0,3276.7,72
12,15796,2726,3195161,2726,292793232850255,-2611,47,46700,42.282379,-83.747597,213.39999,8.7600002,272.78751,-7.9999998E-2,20.01,0.0,0.23999999,15.0,3276.7,86
12,15796,2726,3195161,2726,292793232950403,-2611,48,46800,42.282379,-83.747597,213.39999,8.7799997,272.75,-5.9999999E-2,20.01,0.0,0.56999999,15.0,3276.7,55
12,15796,2726,3195161,2726,292793233050397,-2611,49,46900,42.282379,-83.74762,213.39999,8.7799997,272.53751,-5.0000001E-2,20.01,0.0,0.20999999,15.0,3276.7,63
12,15796,2726,3195161,2726,292793233150394,-2611,50,47000,42.282379,-83.747627,213.39999,8.8000002,272.54999,-0.02,20.01,0.0,9.9999998E-3,15.0,3276.7,82
12,15796,2726,3195161,2726,292793233250391,-2611,51,47100,42.282379,-83.747627,213.39999,8.8000002,272.625,0.0,20.01,0.0,5.9999999E-2,15.0,3276.7,92
12,15796,2726,3195161,2726,292793233350393,-2611,52,47200,42.282379,-83.74765,213.39999,8.7799997,272.66251,0.0,20.01,0.0,0.15000001,15.0,3276.7,96
12,15796,2726,3195161,2726,292793233450439,-2611,53,47300,42.282379,-83.747658,213.39999,8.8000002,272.64999,0.0,20.01,0.0,0.15000001,15.0,3276.7,98
12,15796,2726,3195161,2726,292793233550436,-2611,54,47400,42.282379,-83.747673,213.3,8.8199997,271.98749,2.9999999E-2,20.01,-0.02,-1.1799999,15.0,3276.7,50
12,15796,2726,3195161,2726,292793233650426,-2611,55,47500,42.282379,-83.747681,213.3,8.8000002,272.0,2.9999999E-2,20.01,-0.02,-1.5700001,15.0,3276.7,43
12,15796,2726,3195161,2726,292793233750368,-2611,56,47600,42.282379,-83.747688,213.3,8.8400002,272.39999,5.9999999E-2,20.01,-0.02,-0.68000001,15.0,3276.7,52
12,15796,2726,3195161,2726,292793233850354,-2611,57,47700,42.282379,-83.747704,213.2,8.8400002,271.75,7.9999998E-2,20.01,-3.9999999E-2,-1.37,15.0,-1211.3,52
12,15796,2726,3195161,2726,292793233950399,-2611,58,47800,42.282379,-83.747711,213.2,8.8400002,272.0,0.07,20.01,-3.9999999E-2,-0.98000002,15.0,-1006.4,76
12,15796,2726,3195161,2726,292793234050394,-2611,59,47900,42.282379,-83.747726,213.10001,8.8000002,272.02499,0.0,20.01,-3.9999999E-2,-0.52999997,15.0,-884.59998,89
12,15796,2726,3195161,2726,292793234150433,-2611,60,48000,42.282379,-83.747726,213.2,8.7600002,271.82501,-0.1,20.01,-0.02,-0.60000002,15.0,-805.0,77
12,15796,2726,3195161,2726,292793234250394,-2611,61,48100,42.282379,-83.747742,213.10001,8.7600002,272.04999,-0.11,20.01,0.0,-5.9999999E-2,15.0,-773.0,54
12,15796,2726,3195161,2726,292793234350431,-2611,62,48200,42.282379,-83.747757,213.10001,8.7399998,272.14999,-0.14,20.01,0.0,0.40000001,15.0,-792.09998,46
12,15796,2726,3195161,2726,292793234450402,-2611,63,48300,42.282379,-83.747757,213.10001,8.6599998,272.22501,-0.23,20.01,0.0,0.69,15.0,-872.59998,45
12,15796,2726,3195161,2726,292793234550441,-2611,64,48400,42.282379,-83.747772,213.10001,8.6400003,272.11249,-0.27000001,20.01,0.0,0.47999999,15.0,-1020.9,48
12,15796,2726,3195161,2726,292793234650396,-2611,65,48500,42.282379,-83.747787,213.10001,8.6000004,272.14999,-0.30000001,20.01,0.0,0.36000001,15.0,-1270.7,68
12,15796,2726,3195161,2726,292793234750359,-2611,66,48600,42.282379,-83.747803,213.10001,8.5799999,272.28751,-0.31,20.01,0.0,0.49000001,15.0,3276.7,82
12,15796,2726,3195161,2726,292793234850431,-2611,67,48700,42.282379,-83.74781,213.10001,8.54,272.27499,-0.30000001,20.01,0.0,0.43000001,15.0,3276.7,94
12,15796,2726,3195161,2726,292793234950410,-2611,68,48800,42.282379,-83.747818,213.10001,8.46,272.26251,-0.38999999,20.01,0.0,0.30000001,15.0,3276.7,93
12,15796,2726,3195161,2726,292793235050400,-2611,69,48900,42.282379,-83.747833,213.10001,8.3800001,272.61249,-0.47,20.01,0.0,0.86000001,15.0,3276.7,90
12,15796,2726,3195161,2726,292793235150390,-2611,70,49000,42.282379,-83.747833,213.10001,8.2799997,272.45001,-0.58999997,20.01,0.0,0.64999998,15.0,3276.7,91
12,15796,2726,3195161,2726,292793235250435,-2611,71,49100,42.282379,-83.747849,213.10001,8.2200003,272.45001,-0.63999999,20.01,0.0,0.40000001,15.0,3276.7,96
12,15796,2726,3195161,2726,292793235350433,-2611,72,49200,42.282379,-83.747864,213.2,8.1800003,272.54999,-0.62,20.01,0.0,0.41999999,15.0,1403.5,92
12,15796,2726,3195161,2726,292793235450426,-2611,73,49300,42.282379,-83.747864,213.2,8.0200005,273.375,-0.74000001,20.01,0.0,1.9400001,15.0,1026.6,50
12,15796,2726,3195161,2726,292793235550425,-2611,74,49400,42.282379,-83.747871,213.3,7.96,273.21249,-0.76999998,20.01,0.0,2.0,15.0,768.79999,46
12,15796,2726,3195161,2726,292793235650429,-2611,75,49500,42.282391,-83.747887,213.2,7.8800001,273.39999,-0.77999997,20.01,0.0,2.01,15.0,598.59998,46
12,15796,2726,3195161,2726,292793235750394,-2611,76,49600,42.282391,-83.747887,213.2,7.7800002,272.95001,-0.82999998,20.01,0.0,0.74000001,15.0,508.5,95
12,15796,2726,3195161,2726,292793235850434,-2611,77,49700,42.282391,-83.747902,213.2,7.6999998,273.21249,-0.82999998,20.01,0.0,0.47999999,15.0,460.10001,62
12,15796,2726,3195161,2726,292793235950340,-2611,78,49800,42.282391,-83.74791,213.2,7.5999999,272.95001,-0.85000002,20.01,0.0,-0.25999999,15.0,445.79999,44
12,15796,2726,3195161,2726,292793236050432,-2611,79,49900,42.282391,-83.747917,213.2,7.52,272.9375,-0.85000002,20.01,-0.02,-0.60000002,15.0,460.20001,40
12,15796,2726,3195161,2726,292793236150277,-2611,80,50000,42.282391,-83.747932,213.2,7.4400001,272.88751,-0.83999997,20.01,0.0,-0.75,15.0,504.60001,40
12,15796,2726,3195161,2726,292793236250421,-2611,81,50100,42.282391,-83.74794,213.2,7.3200002,272.4375,-0.89999998,20.01,0.0,-1.55,15.0,612.29999,39
12,15796,2726,3195161,2726,292793236350426,-2611,82,50200,42.282391,-83.747948,213.2,7.2800002,272.58749,-0.85000002,20.01,0.0,-1.35,15.0,842.79999,43
12,15796,2726,3195161,2726,292793236450391,-2611,83,50300,42.282391,-83.747963,213.2,7.1799998,272.54999,-0.86000001,20.01,0.0,-1.05,15.0,1427.7,56
12,15796,2726,3195161,2726,292793236550436,-2611,84,50400,42.282391,-83.747963,213.10001,7.0,272.42499,-1.0,20.01,-0.02,-0.94999999,15.0,3276.7,88
12,15796,2726,3195161,2726,292793236650415,-2611,85,50500,42.282391,-83.747971,213.2,6.98,272.23749,-0.93000001,20.01,0.0,-1.08,15.0,3276.7,98
12,15796,2726,3195161,2726,292793236750381,-2611,86,50600,42.282391,-83.747978,213.2,6.8600001,271.78751,-0.94999999,20.01,0.0,-1.8099999,15.0,-1198.4,78
12,15796,2726,3195161,2726,292793236850428,-2611,87,50700,42.282391,-83.747993,213.2,6.7600002,272.35001,-0.94999999,20.01,0.0,-0.73000002,15.0,-765.29999,86
12,15796,2726,3195161,2726,292793236950462,-2611,88,50800,42.282391,-83.747993,213.2,6.6799998,272.10001,-0.92000002,20.01,0.0,-0.54000002,15.0,-592.40002,64
12,15796,2726,3195161,2726,292793237050360,-2611,89,50900,42.282391,-83.748001,213.2,6.5599999,271.77499,-0.97000003,20.01,0.0,-0.95999998,15.0,-494.29999,76
12,15796,2726,3195161,2726,292793237150388,-2611,90,51000,42.282391,-83.748009,213.3,6.46,272.125,-0.98000002,20.01,0.0,-0.30000001,15.0,-444.5,61
12,15796,2726,3195161,2726,292793237250397,-2611,91,51100,42.282391,-83.748016,213.3,6.3000002,272.0,-1.08,20.01,0.0,-0.15000001,15.0,-422.29999,56
12,15796,2726,3195161,2726,292793237350337,-2611,92,51200,42.282391,-83.748016,213.3,6.2399998,271.91251,-1.05,20.01,0.0,-0.22,15.0,-416.20001,64
12,15796,2726,3195161,2726,292793237450335,-2611,93,51300,42.282391,-83.748032,213.3,6.1199999,271.79999,-1.0700001,20.01,0.0,-0.41999999,15.0,-418.5,83
12,15796,2726,3195161,2726,292793237550427,-2611,94,51400,42.282391,-83.748039,213.3,5.9200001,271.66251,-1.2,20.01,0.0,-0.72000003,15.0,-422.0,92
12,15796,2726,3195161,2726,292793237650395,-2611,95,51500,42.282391,-83.748047,213.3,5.8800001,271.66251,-1.14,20.01,0.0,-0.72000003,15.0,-426.20001,82
12,15796,2726,3195161,2726,292793237750327,-2611,96,51600,42.282391,-83.748047,213.3,5.7199998,271.46249,-1.17,20.01,0.0,-0.97000003,15.0,-425.70001,70
12,15796,2726,3195161,2726,292793237850361,-2611,97,51700,42.282391,-83.748062,213.2,5.5799999,271.5625,-1.22,20.01,-0.02,-0.70999998,15.0,-426.10001,80
12,15796,2726,3195161,2726,292793237950361,-2611,98,51800,42.282391,-83.74807,213.3,5.4200001,271.85001,-1.3,20.01,-0.02,0.1,15.0,-443.79999,78
12,15796,2726,3195161,2726,292793238050263,-2611,99,51900,42.282391,-83.748077,213.3,5.3200002,271.85001,-1.29,20.01,0.0,0.5,15.0,-489.20001,49
12,15796,2726,3195161,2726,292793238150262,-2611,100,52000,42.282391,-83.748077,213.3,5.1599998,271.66251,-1.33,20.01,0.0,0.23,15.0,-562.0,52
12,15796,2726,3195161,2726,292793238250264,-2611,101,52100,42.282391,-83.748093,213.3,5.02,271.875,-1.33,20.01,0.0,0.46000001,15.0,-689.09998,55
12,15796,2726,3195161,2726,292793238350334,-2611,102,52200,42.282391,-83.748093,213.3,4.9000001,271.86249,-1.34,20.01,0.0,0.46000001,15.0,-924.79999,65
12,15796,2726,3195161,2726,292793238450361,-2611,103,52300,42.282391,-83.7481,213.3,4.7399998,271.58749,-1.38,20.01,0.0,-0.16,15.0,-1299.3,98
12,15796,2726,3195161,2726,292793238550436,-2611,104,52400,42.282391,-83.7481,213.3,4.5999999,271.41251,-1.38,20.01,0.0,-0.77999997,15.0,3276.7,56
12,15796,2726,3195161,2726,292793238650334,-2611,105,52500,42.282391,-83.748108,213.3,4.4200001,271.64999,-1.4400001,20.01,0.0,-0.46000001,15.0,3276.7,56
12,15796,2726,3195161,2726,292793238750434,-2611,106,52600,42.282391,-83.748123,213.3,4.3400002,272.01251,-1.37,20.01,0.0,0.47999999,15.0,3276.7,98
12,15796,2726,3195161,2726,292793238850358,-2611,107,52700,42.282391,-83.748123,213.3,4.1599998,272.0625,-1.42,20.01,0.0,0.94999999,15.0,3276.7,57
12,15796,2726,3195161,2726,292793238950358,-2611,108,52800,42.282391,-83.748123,213.3,4.0,272.39999,-1.47,20.01,0.0,1.64,15.0,3276.7,44
12,15796,2726,3195161,2726,292793239050359,-2611,109,52900,42.282391,-83.748123,213.3,3.8399999,271.64999,-1.51,20.01,0.0,0.22,15.0,1228.3,70
12,15796,2726,3195161,2726,292793239150303,-2611,110,53000,42.282391,-83.748131,213.3,3.72,271.39999,-1.46,20.01,0.0,-1.01,15.0,1061.2,50
12,15796,2726,3195161,2726,292793239250354,-2611,111,53100,42.282391,-83.748131,213.3,3.5599999,270.76251,-1.46,20.01,0.0,-2.6700001,15.0,3276.7,35
12,15796,2726,3195161,2726,292793239350361,-2611,112,53200,42.282391,-83.748138,213.3,3.4000001,270.75,-1.5,20.01,0.0,-3.01,15.0,3276.7,32
12,15796,2726,3195161,2726,292793239450437,-2611,113,53300,42.282391,-83.748138,213.2,3.26,271.26251,-1.47,20.01,-0.02,-1.5700001,15.0,-797.29999,40
12,15796,2726,3195161,2726,292793239550329,-2611,114,53400,42.282391,-83.748154,213.3,3.1600001,271.38751,-1.4,20.01,0.0,-0.31999999,15.0,-489.5,96
